seq,ts_ns,module,key,value
406904,13079720173007,btc_qm_engine,btc_leading_zeros,1.0000000000
406905,13079720173166,btc_qm_engine,btc_leading_zeros,0.0000000000
406906,13079720173607,btc_qm_engine,btc_sha256_nonce,3343354437.0000000000
406907,13079720174037,btc_qm_engine,btc_leading_zeros,1.0000000000
406908,13079720174106,btc_qm_engine,btc_sha256_elapsed_ns,1107.0000000000
406909,13079720175182,btc_qm_engine,btc_sha256_elapsed_ns,1014.0000000000
406910,13079720175370,btc_qm_engine,btc_sha256_elapsed_ns,805.0000000000
406911,13079720175599,btc_qm_engine,btc_sha256_nonce,2363789881.0000000000
406912,13079720175902,btc_qm_engine,btc_leading_zeros,1.0000000000
406913,13079720175972,btc_qm_engine,btc_sha256_elapsed_ns,1110.0000000000
406914,13079720176301,btc_qm_engine,btc_sha256_elapsed_ns,1079.0000000000
406915,13079720176604,btc_qm_engine,btc_sha256_nonce,1091188630.0000000000
406916,13079720176678,btc_qm_engine,btc_leading_zeros,0.0000000000
406917,13079720176808,btc_qm_engine,btc_sha256_nonce,3438095107.0000000000
406918,13079720177259,btc_qm_engine,btc_sha256_elapsed_ns,860.0000000000
406919,13079720177421,btc_qm_engine,btc_leading_zeros,0.0000000000
406920,13079720177554,btc_qm_engine,btc_sha256_nonce,648315566.0000000000
406921,13079720177647,btc_qm_engine,btc_leading_zeros,1.0000000000
406922,13079720177713,btc_qm_engine,btc_sha256_elapsed_ns,966.0000000000
406923,13079720177843,btc_qm_engine,btc_sha256_elapsed_ns,990.0000000000
406924,13079720178258,btc_qm_engine,btc_leading_zeros,1.0000000000
406925,13079720178543,btc_qm_engine,btc_sha256_nonce,3263798319.0000000000
406926,13079720178629,btc_qm_engine,btc_leading_zeros,0.0000000000
406927,13079720178859,btc_qm_engine,btc_sha256_elapsed_ns,1123.0000000000
406928,13079720179271,btc_qm_engine,btc_sha256_nonce,612125687.0000000000
406929,13079720179442,btc_qm_engine,btc_sha256_elapsed_ns,791.0000000000
406930,13079720179599,btc_qm_engine,btc_sha256_nonce,197257795.0000000000
406931,13079720179783,btc_qm_engine,btc_leading_zeros,1.0000000000
406932,13079720179992,btc_qm_engine,btc_leading_zeros,3.0000000000
406933,13079720180100,btc_qm_engine,btc_sha256_elapsed_ns,1091.0000000000
406934,13079720180297,btc_qm_engine,btc_sha256_nonce,3240272731.0000000000
406935,13079720180762,btc_qm_engine,btc_leading_zeros,0.0000000000
406936,13079720180986,btc_qm_engine,btc_sha256_nonce,2468036047.0000000000
406937,13079720181250,btc_qm_engine,btc_sha256_elapsed_ns,1004.0000000000
406938,13079720181396,btc_qm_engine,btc_sha256_nonce,3145414653.0000000000
406939,13079720181513,btc_qm_engine,btc_leading_zeros,2.0000000000
406940,13079720181577,btc_qm_engine,btc_sha256_elapsed_ns,1022.0000000000
406941,13079720182497,btc_qm_engine,btc_sha256_nonce,4263992687.0000000000
406942,13079720182553,btc_qm_engine,btc_leading_zeros,0.0000000000
406943,13079720182605,btc_qm_engine,btc_sha256_elapsed_ns,735.0000000000
406944,13079720182706,btc_qm_engine,btc_sha256_nonce,2807657788.0000000000
406945,13079720182772,btc_qm_engine,btc_leading_zeros,3.0000000000
406946,13079720182829,btc_qm_engine,btc_sha256_elapsed_ns,739.0000000000
406947,13079720183640,btc_qm_engine,btc_sha256_nonce,77208069.0000000000
406948,13079720183718,btc_qm_engine,btc_leading_zeros,1.0000000000
406949,13079720184025,btc_qm_engine,btc_sha256_elapsed_ns,1022.0000000000
406950,13079720184460,btc_qm_engine,btc_leading_zeros,2.0000000000
406951,13079720184847,btc_qm_engine,btc_sha256_elapsed_ns,816.0000000000
406952,13079720185226,btc_qm_engine,btc_sha256_elapsed_ns,1046.0000000000
406953,13079720186413,btc_qm_engine,btc_sha256_nonce,1754766639.0000000000
406954,13079720186488,btc_qm_engine,btc_leading_zeros,0.0000000000
406955,13079720186559,btc_qm_engine,btc_sha256_elapsed_ns,1102.0000000000
406956,13079720186825,btc_qm_engine,btc_sha256_nonce,2468040998.0000000000
406957,13079720186899,btc_qm_engine,btc_leading_zeros,0.0000000000
406958,13079720187158,btc_qm_engine,btc_sha256_nonce,2182766507.0000000000
406959,13079720187353,btc_qm_engine,btc_sha256_elapsed_ns,1101.0000000000
406960,13079720187665,btc_qm_engine,btc_sha256_nonce,4027777268.0000000000
406961,13079720187918,btc_qm_engine,btc_sha256_nonce,946906103.0000000000
406962,13079720187998,btc_qm_engine,btc_leading_zeros,0.0000000000
406963,13079720188066,btc_qm_engine,btc_sha256_elapsed_ns,1084.0000000000
406964,13079720188280,btc_qm_engine,btc_leading_zeros,3.0000000000
406965,13079720188408,btc_qm_engine,btc_sha256_nonce,2668787521.0000000000
406966,13079720188540,btc_qm_engine,btc_leading_zeros,2.0000000000
406967,13079720188718,btc_qm_engine,btc_sha256_elapsed_ns,982.0000000000
406968,13079720189105,btc_qm_engine,btc_sha256_nonce,2882229085.0000000000
406969,13079720189383,btc_qm_engine,btc_sha256_nonce,231096963.0000000000
406970,13079720189493,btc_qm_engine,btc_leading_zeros,0.0000000000
406971,13079720189811,btc_qm_engine,btc_sha256_elapsed_ns,842.0000000000
406972,13079720189910,btc_qm_engine,btc_leading_zeros,0.0000000000
406973,13079720190253,btc_qm_engine,btc_sha256_elapsed_ns,1102.0000000000
406974,13079720190484,btc_qm_engine,btc_sha256_elapsed_ns,1147.0000000000
406975,13079720190915,btc_qm_engine,btc_sha256_nonce,3263234014.0000000000
406976,13079720191016,btc_qm_engine,btc_leading_zeros,0.0000000000
406977,13079720191400,btc_qm_engine,btc_sha256_elapsed_ns,1114.0000000000
406978,13079720191641,btc_qm_engine,btc_leading_zeros,0.0000000000
406979,13079720192323,btc_qm_engine,btc_sha256_elapsed_ns,769.0000000000
406980,13079720192544,btc_qm_engine,btc_sha256_nonce,1658683207.0000000000
406981,13079720192878,btc_qm_engine,btc_sha256_nonce,228547931.0000000000
406982,13079720193128,btc_qm_engine,btc_sha256_nonce,1039812994.0000000000
406983,13079720193270,btc_qm_engine,btc_leading_zeros,0.0000000000
406984,13079720193340,btc_qm_engine,btc_sha256_elapsed_ns,1007.0000000000
406985,13079720193505,btc_qm_engine,btc_leading_zeros,3.0000000000
406986,13079720193580,btc_qm_engine,btc_sha256_elapsed_ns,1146.0000000000
406987,13079720193867,btc_qm_engine,btc_sha256_nonce,759448058.0000000000
406988,13079720193945,btc_qm_engine,btc_leading_zeros,0.0000000000
406989,13079720194002,btc_qm_engine,btc_sha256_elapsed_ns,743.0000000000
406990,13079720194471,btc_qm_engine,btc_leading_zeros,0.0000000000
406991,13079720194603,btc_qm_engine,btc_sha256_nonce,3279571403.0000000000
406992,13079720194679,btc_qm_engine,btc_leading_zeros,2.0000000000
406993,13079720194751,btc_qm_engine,btc_sha256_elapsed_ns,1022.0000000000
406994,13079720194890,btc_qm_engine,btc_sha256_elapsed_ns,882.0000000000
406995,13079720195067,btc_qm_engine,btc_sha256_nonce,593156842.0000000000
406996,13079720195140,btc_qm_engine,btc_leading_zeros,1.0000000000
406997,13079720195286,btc_qm_engine,btc_sha256_elapsed_ns,1033.0000000000
406998,13079720195413,btc_qm_engine,btc_sha256_nonce,657250078.0000000000
406999,13079720195494,btc_qm_engine,btc_leading_zeros,3.0000000000
407000,13079720195568,btc_qm_engine,btc_sha256_elapsed_ns,1084.0000000000
407001,13079720195743,btc_qm_engine,btc_sha256_nonce,874163798.0000000000
407002,13079720196112,btc_qm_engine,btc_leading_zeros,0.0000000000
407003,13079720196219,btc_qm_engine,btc_sha256_nonce,1436571467.0000000000
407004,13079720196301,btc_qm_engine,btc_leading_zeros,0.0000000000
407005,13079720196378,btc_qm_engine,btc_sha256_elapsed_ns,1027.0000000000
407006,13079720196532,btc_qm_engine,btc_sha256_elapsed_ns,806.0000000000
407007,13079720196802,btc_qm_engine,btc_sha256_nonce,3151064098.0000000000
407008,13079720196879,btc_qm_engine,btc_leading_zeros,0.0000000000
407009,13079720196975,btc_qm_engine,btc_sha256_nonce,594380487.0000000000
407010,13079720197134,btc_qm_engine,btc_sha256_nonce,198016065.0000000000
407011,13079720197217,btc_qm_engine,btc_leading_zeros,1.0000000000
407012,13079720197289,btc_qm_engine,btc_sha256_elapsed_ns,1060.0000000000
407013,13079720197497,btc_qm_engine,btc_leading_zeros,0.0000000000
407014,13079720197671,btc_qm_engine,btc_sha256_nonce,979090711.0000000000
407015,13079720197854,btc_qm_engine,btc_sha256_nonce,1436519734.0000000000
407016,13079720197931,btc_qm_engine,btc_leading_zeros,2.0000000000
407017,13079720198007,btc_qm_engine,btc_sha256_elapsed_ns,1045.0000000000
407018,13079720198181,btc_qm_engine,btc_sha256_elapsed_ns,1070.0000000000
407019,13079720198318,btc_qm_engine,btc_sha256_nonce,4129498007.0000000000
407020,13079720198443,btc_qm_engine,btc_leading_zeros,1.0000000000
407021,13079720198516,btc_qm_engine,btc_sha256_elapsed_ns,919.0000000000
407022,13079720198625,btc_qm_engine,btc_leading_zeros,2.0000000000
407023,13079720198694,btc_qm_engine,btc_sha256_elapsed_ns,725.0000000000
407024,13079720198961,btc_qm_engine,btc_sha256_nonce,80271237.0000000000
407025,13079720199030,btc_qm_engine,btc_leading_zeros,2.0000000000
407026,13079720199089,btc_qm_engine,btc_sha256_elapsed_ns,725.0000000000
407027,13079720199532,btc_qm_engine,btc_sha256_nonce,2127381138.0000000000
407028,13079720199617,btc_qm_engine,btc_leading_zeros,1.0000000000
407029,13079720199692,btc_qm_engine,btc_sha256_elapsed_ns,1085.0000000000
407030,13079720199876,btc_qm_engine,btc_sha256_nonce,1490144976.0000000000
407031,13079720200120,btc_qm_engine,btc_leading_zeros,0.0000000000
407032,13079720200217,btc_qm_engine,btc_sha256_elapsed_ns,797.0000000000
407033,13079720200425,btc_qm_engine,btc_sha256_nonce,1355628004.0000000000
407034,13079720200824,btc_qm_engine,btc_sha256_nonce,253241658.0000000000
407035,13079720200997,btc_qm_engine,btc_sha256_nonce,1173550328.0000000000
407036,13079720201075,btc_qm_engine,btc_leading_zeros,1.0000000000
407037,13079720201250,btc_qm_engine,btc_sha256_nonce,4278042926.0000000000
407038,13079720201427,btc_qm_engine,btc_leading_zeros,0.0000000000
407039,13079720201496,btc_qm_engine,btc_sha256_elapsed_ns,964.0000000000
407040,13079720201720,btc_qm_engine,btc_leading_zeros,0.0000000000
407041,13079720201901,btc_qm_engine,btc_leading_zeros,1.0000000000
407042,13079720202079,btc_qm_engine,btc_sha256_elapsed_ns,988.0000000000
407043,13079720202340,btc_qm_engine,btc_sha256_nonce,3530329535.0000000000
407044,13079720202564,btc_qm_engine,btc_sha256_elapsed_ns,994.0000000000
407045,13079720202702,btc_qm_engine,btc_sha256_nonce,358709633.0000000000
407046,13079720202789,btc_qm_engine,btc_leading_zeros,0.0000000000
407047,13079720202975,btc_qm_engine,btc_sha256_elapsed_ns,1075.0000000000
407048,13079720203105,btc_qm_engine,btc_leading_zeros,0.0000000000
407049,13079720203176,btc_qm_engine,btc_sha256_elapsed_ns,810.0000000000
407050,13079720203371,btc_qm_engine,btc_sha256_elapsed_ns,977.0000000000
407051,13079720203676,btc_qm_engine,btc_sha256_elapsed_ns,923.0000000000
407052,13079720203808,btc_qm_engine,btc_sha256_nonce,414988559.0000000000
407053,13079720203900,btc_qm_engine,btc_sha256_nonce,3374996450.0000000000
407054,13079720204266,btc_qm_engine,btc_leading_zeros,0.0000000000
407055,13079720204486,btc_qm_engine,btc_sha256_nonce,1644800978.0000000000
407056,13079720204600,btc_qm_engine,btc_leading_zeros,4.0000000000
407057,13079720204811,btc_qm_engine,btc_sha256_nonce,946854432.0000000000
407058,13079720204892,btc_qm_engine,btc_leading_zeros,0.0000000000
407059,13079720204986,btc_qm_engine,btc_sha256_nonce,2783200246.0000000000
407060,13079720205136,btc_qm_engine,btc_sha256_nonce,2951869508.0000000000
407061,13079720205330,btc_qm_engine,btc_sha256_elapsed_ns,758.0000000000
407062,13079720205507,btc_qm_engine,btc_sha256_elapsed_ns,1089.0000000000
407063,13079720205959,btc_qm_engine,btc_sha256_elapsed_ns,1098.0000000000
407064,13079720206400,btc_qm_engine,btc_sha256_nonce,2444297053.0000000000
407065,13079720206469,btc_qm_engine,btc_leading_zeros,0.0000000000
407066,13079720206881,btc_qm_engine,btc_sha256_elapsed_ns,808.0000000000
407067,13079720207357,btc_qm_engine,btc_leading_zeros,0.0000000000
407068,13079720207445,btc_qm_engine,btc_sha256_nonce,1178067672.0000000000
407069,13079720207520,btc_qm_engine,btc_leading_zeros,2.0000000000
407070,13079720207591,btc_qm_engine,btc_sha256_elapsed_ns,1011.0000000000
407071,13079720207693,btc_qm_engine,btc_sha256_elapsed_ns,1032.0000000000
407072,13079720207895,btc_qm_engine,btc_sha256_nonce,3333446712.0000000000
407073,13079720207969,btc_qm_engine,btc_leading_zeros,1.0000000000
407074,13079720208037,btc_qm_engine,btc_sha256_elapsed_ns,1084.0000000000
407075,13079720208265,btc_qm_engine,btc_sha256_nonce,2523066103.0000000000
407076,13079720208760,btc_qm_engine,btc_leading_zeros,0.0000000000
407077,13079720208867,btc_qm_engine,btc_leading_zeros,0.0000000000
407078,13079720208978,btc_qm_engine,btc_sha256_nonce,3470202923.0000000000
407079,13079720209183,btc_qm_engine,btc_sha256_elapsed_ns,808.0000000000
407080,13079720209663,btc_qm_engine,btc_sha256_elapsed_ns,922.0000000000
407081,13079720210261,btc_qm_engine,btc_leading_zeros,1.0000000000
407082,13079720210616,btc_qm_engine,btc_sha256_elapsed_ns,1102.0000000000
407083,13079720210837,btc_qm_engine,btc_leading_zeros,0.0000000000
407084,13079720211254,btc_qm_engine,btc_sha256_elapsed_ns,1074.0000000000
407085,13079720211467,btc_qm_engine,btc_sha256_nonce,3841436321.0000000000
407086,13079720211549,btc_qm_engine,btc_leading_zeros,0.0000000000
407087,13079720211621,btc_qm_engine,btc_sha256_elapsed_ns,975.0000000000
407088,13079720211969,btc_qm_engine,btc_sha256_nonce,3199727010.0000000000
407089,13079720212041,btc_qm_engine,btc_leading_zeros,0.0000000000
407090,13079720212107,btc_qm_engine,btc_sha256_elapsed_ns,1098.0000000000
407091,13079720212671,btc_qm_engine,btc_sha256_nonce,1509037050.0000000000
407092,13079720212746,btc_qm_engine,btc_leading_zeros,0.0000000000
407093,13079720212820,btc_qm_engine,btc_sha256_elapsed_ns,1087.0000000000
407094,13079720212929,btc_qm_engine,btc_sha256_nonce,3657363759.0000000000
407095,13079720213009,btc_qm_engine,btc_leading_zeros,0.0000000000
407096,13079720213075,btc_qm_engine,btc_sha256_elapsed_ns,1048.0000000000
407097,13079720213261,btc_qm_engine,btc_sha256_nonce,1162244743.0000000000
407098,13079720213388,btc_qm_engine,btc_sha256_nonce,2195325932.0000000000
407099,13079720213474,btc_qm_engine,btc_leading_zeros,1.0000000000
407100,13079720213609,btc_qm_engine,btc_sha256_elapsed_ns,1059.0000000000
407101,13079720213925,btc_qm_engine,btc_leading_zeros,0.0000000000
407102,13079720214177,btc_qm_engine,btc_sha256_nonce,3122511503.0000000000
407103,13079720214353,btc_qm_engine,btc_sha256_nonce,2598852867.0000000000
407104,13079720214441,btc_qm_engine,btc_leading_zeros,4.0000000000
407105,13079720214497,btc_qm_engine,btc_sha256_elapsed_ns,899.0000000000
407106,13079720214754,btc_qm_engine,btc_sha256_elapsed_ns,828.0000000000
407107,13079720215173,btc_qm_engine,btc_sha256_nonce,2638184370.0000000000
407108,13079720215275,btc_qm_engine,btc_leading_zeros,1.0000000000
407109,13079720215624,btc_qm_engine,btc_sha256_nonce,252574581.0000000000
407110,13079720215704,btc_qm_engine,btc_leading_zeros,4.0000000000
407111,13079720215863,btc_qm_engine,btc_sha256_elapsed_ns,870.0000000000
407112,13079720216384,btc_qm_engine,btc_leading_zeros,0.0000000000
407113,13079720216736,btc_qm_engine,btc_sha256_elapsed_ns,1070.0000000000
407114,13079720217122,btc_qm_engine,btc_sha256_nonce,924556893.0000000000
407115,13079720217344,btc_qm_engine,btc_sha256_nonce,1565344499.0000000000
407116,13079720217418,btc_qm_engine,btc_leading_zeros,0.0000000000
407117,13079720217481,btc_qm_engine,btc_sha256_elapsed_ns,927.0000000000
407118,13079720217700,btc_qm_engine,btc_sha256_elapsed_ns,1042.0000000000
407119,13079720217881,btc_qm_engine,btc_leading_zeros,0.0000000000
407120,13079720218080,btc_qm_engine,btc_sha256_nonce,1533242686.0000000000
407121,13079720218239,btc_qm_engine,btc_sha256_elapsed_ns,796.0000000000
407122,13079720218649,btc_qm_engine,btc_leading_zeros,1.0000000000
407123,13079720218845,btc_qm_engine,btc_sha256_nonce,3695166271.0000000000
407124,13079720219003,btc_qm_engine,btc_sha256_elapsed_ns,593.0000000000
407125,13079720219254,btc_qm_engine,btc_leading_zeros,0.0000000000
407126,13079720219373,btc_qm_engine,btc_sha256_elapsed_ns,1024.0000000000
407127,13079720219525,btc_qm_engine,btc_sha256_nonce,3263580986.0000000000
407128,13079720219799,btc_qm_engine,btc_sha256_nonce,3394797356.0000000000
407129,13079720220064,btc_qm_engine,btc_sha256_nonce,4055657948.0000000000
407130,13079720220639,btc_qm_engine,btc_leading_zeros,0.0000000000
407131,13079720220949,btc_qm_engine,btc_sha256_nonce,2666178591.0000000000
407132,13079720221027,btc_qm_engine,btc_leading_zeros,0.0000000000
407133,13079720221097,btc_qm_engine,btc_sha256_elapsed_ns,872.0000000000
407134,13079720221471,btc_qm_engine,btc_leading_zeros,0.0000000000
407135,13079720221549,btc_qm_engine,btc_sha256_elapsed_ns,1103.0000000000
407136,13079720222040,btc_qm_engine,btc_sha256_nonce,2014386298.0000000000
407137,13079720222119,btc_qm_engine,btc_leading_zeros,1.0000000000
407138,13079720222192,btc_qm_engine,btc_sha256_elapsed_ns,720.0000000000
407139,13079720222924,btc_qm_engine,btc_sha256_nonce,2418434051.0000000000
407140,13079720222994,btc_qm_engine,btc_leading_zeros,9.0000000000
407141,13079720223070,btc_qm_engine,btc_sha256_elapsed_ns,1063.0000000000
407142,13079720223346,btc_qm_engine,btc_sha256_nonce,1883401859.0000000000
407143,13079720223426,btc_qm_engine,btc_leading_zeros,4.0000000000
407144,13079720223492,btc_qm_engine,btc_sha256_elapsed_ns,916.0000000000
407145,13079720223847,btc_qm_engine,btc_sha256_elapsed_ns,598.0000000000
407146,13079720224788,btc_qm_engine,btc_sha256_nonce,459593051.0000000000
407147,13079720225005,btc_qm_engine,btc_leading_zeros,0.0000000000
407148,13079720225344,btc_qm_engine,btc_leading_zeros,2.0000000000
407149,13079720225575,btc_qm_engine,btc_sha256_nonce,1487868886.0000000000
407150,13079720225990,btc_qm_engine,btc_sha256_nonce,1905269851.0000000000
407151,13079720226200,btc_qm_engine,btc_sha256_elapsed_ns,832.0000000000
407152,13079720226311,btc_qm_engine,btc_leading_zeros,0.0000000000
407153,13079720226656,btc_qm_engine,btc_leading_zeros,0.0000000000
407154,13079720226761,btc_qm_engine,btc_sha256_elapsed_ns,1122.0000000000
407155,13079720226962,btc_qm_engine,btc_sha256_elapsed_ns,1107.0000000000
407156,13079720227219,btc_qm_engine,btc_sha256_nonce,4223124315.0000000000
407157,13079720227289,btc_qm_engine,btc_leading_zeros,0.0000000000
407158,13079720227355,btc_qm_engine,btc_sha256_elapsed_ns,740.0000000000
407159,13079720228170,btc_qm_engine,btc_sha256_nonce,3722100929.0000000000
407160,13079720228246,btc_qm_engine,btc_leading_zeros,3.0000000000
407161,13079720228505,btc_qm_engine,btc_sha256_elapsed_ns,594.0000000000
407162,13079720228828,btc_qm_engine,btc_sha256_nonce,516816745.0000000000
407163,13079720229018,btc_qm_engine,btc_sha256_elapsed_ns,1128.0000000000
407164,13079720229399,btc_qm_engine,btc_sha256_nonce,992276726.0000000000
407165,13079720229528,btc_qm_engine,btc_leading_zeros,0.0000000000
407166,13079720229614,btc_qm_engine,btc_sha256_elapsed_ns,749.0000000000
407167,13079720229799,btc_qm_engine,btc_leading_zeros,0.0000000000
407168,13079720229995,btc_qm_engine,btc_sha256_nonce,2910181925.0000000000
407169,13079720230221,btc_qm_engine,btc_sha256_nonce,3840784330.0000000000
407170,13079720230375,btc_qm_engine,btc_sha256_elapsed_ns,1110.0000000000
407171,13079720230579,btc_qm_engine,btc_sha256_nonce,1239306794.0000000000
407172,13079720230651,btc_qm_engine,btc_leading_zeros,0.0000000000
407173,13079720230792,btc_qm_engine,btc_leading_zeros,0.0000000000
407174,13079720230904,btc_qm_engine,btc_sha256_elapsed_ns,979.0000000000
407175,13079720231146,btc_qm_engine,btc_leading_zeros,0.0000000000
407176,13079720231536,btc_qm_engine,btc_sha256_elapsed_ns,751.0000000000
407177,13079720231698,btc_qm_engine,btc_sha256_elapsed_ns,593.0000000000
407178,13079720231836,btc_qm_engine,btc_sha256_nonce,252928768.0000000000
407179,13079720232035,btc_qm_engine,btc_sha256_nonce,1135295966.0000000000
407180,13079720232114,btc_qm_engine,btc_leading_zeros,1.0000000000
407181,13079720232265,btc_qm_engine,btc_leading_zeros,0.0000000000
407182,13079720232518,btc_qm_engine,btc_sha256_nonce,1435931847.0000000000
407183,13079720232584,btc_qm_engine,btc_leading_zeros,3.0000000000
407184,13079720232674,btc_qm_engine,btc_sha256_elapsed_ns,595.0000000000
407185,13079720232805,btc_qm_engine,btc_sha256_nonce,2467686342.0000000000
407186,13079720233016,btc_qm_engine,btc_sha256_nonce,947199718.0000000000
407187,13079720233231,btc_qm_engine,btc_leading_zeros,3.0000000000
407188,13079720233507,btc_qm_engine,btc_leading_zeros,0.0000000000
407189,13079720234124,btc_qm_engine,btc_sha256_nonce,2770462977.0000000000
407190,13079720234416,btc_qm_engine,btc_sha256_elapsed_ns,785.0000000000
407191,13079720234981,btc_qm_engine,btc_sha256_elapsed_ns,1104.0000000000
407192,13079720235246,btc_qm_engine,btc_leading_zeros,2.0000000000
407193,13079720235315,btc_qm_engine,btc_sha256_elapsed_ns,590.0000000000
407194,13079720236053,btc_qm_engine,btc_sha256_nonce,929243590.0000000000
407195,13079720236123,btc_qm_engine,btc_leading_zeros,2.0000000000
407196,13079720236266,btc_qm_engine,btc_sha256_elapsed_ns,598.0000000000
407197,13079720236840,btc_qm_engine,btc_sha256_nonce,164625970.0000000000
407198,13079720237089,btc_qm_engine,btc_sha256_nonce,952578957.0000000000
407199,13079720237226,btc_qm_engine,btc_leading_zeros,2.0000000000
407200,13079720237305,btc_qm_engine,btc_sha256_elapsed_ns,1124.0000000000
407201,13079720237416,btc_qm_engine,btc_leading_zeros,0.0000000000
407202,13079720237499,btc_qm_engine,btc_sha256_elapsed_ns,991.0000000000
407203,13079720237660,btc_qm_engine,btc_sha256_nonce,1436370279.0000000000
407204,13079720237726,btc_qm_engine,btc_leading_zeros,2.0000000000
407205,13079720237788,btc_qm_engine,btc_sha256_elapsed_ns,595.0000000000
407206,13079720238361,btc_qm_engine,btc_sha256_elapsed_ns,863.0000000000
407207,13079720238577,btc_qm_engine,btc_sha256_nonce,783986899.0000000000
407208,13079720238641,btc_qm_engine,btc_leading_zeros,0.0000000000
407209,13079720238780,btc_qm_engine,btc_sha256_nonce,1772473748.0000000000
407210,13079720239173,btc_qm_engine,btc_leading_zeros,2.0000000000
407211,13079720239227,btc_qm_engine,btc_sha256_elapsed_ns,1136.0000000000
407212,13079720239342,btc_qm_engine,btc_sha256_elapsed_ns,588.0000000000
407213,13079720239440,btc_qm_engine,btc_sha256_elapsed_ns,1094.0000000000
407214,13079720239950,btc_qm_engine,btc_sha256_nonce,3137204033.0000000000
407215,13079720240021,btc_qm_engine,btc_leading_zeros,1.0000000000
407216,13079720240081,btc_qm_engine,btc_sha256_elapsed_ns,936.0000000000
407217,13079720240216,btc_qm_engine,btc_sha256_nonce,3018396169.0000000000
407218,13079720240287,btc_qm_engine,btc_leading_zeros,0.0000000000
407219,13079720240339,btc_qm_engine,btc_sha256_elapsed_ns,745.0000000000
407220,13079720241253,btc_qm_engine,btc_sha256_nonce,3594735837.0000000000
407221,13079720241413,btc_qm_engine,btc_sha256_nonce,253045758.0000000000
407222,13079720241688,btc_qm_engine,btc_leading_zeros,0.0000000000
407223,13079720242066,btc_qm_engine,btc_sha256_nonce,1608186857.0000000000
407224,13079720242242,btc_qm_engine,btc_leading_zeros,0.0000000000
407225,13079720242450,btc_qm_engine,btc_sha256_elapsed_ns,1107.0000000000
407226,13079720242697,btc_qm_engine,btc_sha256_elapsed_ns,1010.0000000000
407227,13079720242827,btc_qm_engine,btc_leading_zeros,0.0000000000
407228,13079720243358,btc_qm_engine,btc_sha256_elapsed_ns,824.0000000000
407229,13079720243966,btc_qm_engine,btc_sha256_nonce,2193021988.0000000000
407230,13079720244378,btc_qm_engine,btc_sha256_nonce,2563012342.0000000000
407231,13079720244452,btc_qm_engine,btc_leading_zeros,0.0000000000
407232,13079720244592,btc_qm_engine,btc_leading_zeros,3.0000000000
407233,13079720244676,btc_qm_engine,btc_sha256_elapsed_ns,987.0000000000
407234,13079720244939,btc_qm_engine,btc_sha256_nonce,1706798039.0000000000
407235,13079720245126,btc_qm_engine,btc_sha256_elapsed_ns,783.0000000000
407236,13079720245375,btc_qm_engine,btc_leading_zeros,0.0000000000
407237,13079720245447,btc_qm_engine,btc_sha256_elapsed_ns,1094.0000000000
407238,13079720245907,btc_qm_engine,btc_sha256_nonce,252484604.0000000000
407239,13079720245986,btc_qm_engine,btc_leading_zeros,0.0000000000
407240,13079720246067,btc_qm_engine,btc_sha256_elapsed_ns,975.0000000000
407241,13079720246421,btc_qm_engine,btc_sha256_nonce,2346517596.0000000000
407242,13079720246681,btc_qm_engine,btc_leading_zeros,1.0000000000
407243,13079720246813,btc_qm_engine,btc_sha256_nonce,3318896850.0000000000
407244,13079720247284,btc_qm_engine,btc_sha256_nonce,4021414400.0000000000
407245,13079720247502,btc_qm_engine,btc_leading_zeros,0.0000000000
407246,13079720247809,btc_qm_engine,btc_sha256_nonce,1563508414.0000000000
407247,13079720248306,btc_qm_engine,btc_sha256_nonce,2753488592.0000000000
407248,13079720248874,btc_qm_engine,btc_leading_zeros,0.0000000000
407249,13079720249052,btc_qm_engine,btc_leading_zeros,0.0000000000
407250,13079720249118,btc_qm_engine,btc_sha256_elapsed_ns,599.0000000000
407251,13079720249296,btc_qm_engine,btc_sha256_elapsed_ns,1079.0000000000
407252,13079720249385,btc_qm_engine,btc_sha256_elapsed_ns,1102.0000000000
407253,13079720250086,btc_qm_engine,btc_sha256_nonce,2454263427.0000000000
407254,13079720250155,btc_qm_engine,btc_leading_zeros,1.0000000000
407255,13079720250203,btc_qm_engine,btc_sha256_elapsed_ns,605.0000000000
407256,13079720250420,btc_qm_engine,btc_leading_zeros,1.0000000000
407257,13079720250544,btc_qm_engine,btc_sha256_elapsed_ns,956.0000000000
407258,13079720250919,btc_qm_engine,btc_sha256_nonce,2695231282.0000000000
407259,13079720251093,btc_qm_engine,btc_sha256_nonce,323934054.0000000000
407260,13079720251352,btc_qm_engine,btc_sha256_nonce,2466986159.0000000000
407261,13079720251483,btc_qm_engine,btc_leading_zeros,0.0000000000
407262,13079720251760,btc_qm_engine,btc_sha256_nonce,252728148.0000000000
407263,13079720251991,btc_qm_engine,btc_sha256_elapsed_ns,593.0000000000
407264,13079720252277,btc_qm_engine,btc_leading_zeros,1.0000000000
407265,13079720252670,btc_qm_engine,btc_sha256_elapsed_ns,819.0000000000
407266,13079720253123,btc_qm_engine,btc_sha256_elapsed_ns,1084.0000000000
407267,13079720253264,btc_qm_engine,btc_sha256_nonce,2751579118.0000000000
407268,13079720253335,btc_qm_engine,btc_leading_zeros,1.0000000000
407269,13079720253398,btc_qm_engine,btc_sha256_elapsed_ns,597.0000000000
407270,13079720253969,btc_qm_engine,btc_sha256_nonce,1392487430.0000000000
407271,13079720254037,btc_qm_engine,btc_leading_zeros,0.0000000000
407272,13079720254088,btc_qm_engine,btc_sha256_elapsed_ns,775.0000000000
407273,13079720254278,btc_qm_engine,btc_sha256_nonce,704646238.0000000000
407274,13079720254379,btc_qm_engine,btc_leading_zeros,2.0000000000
407275,13079720254697,btc_qm_engine,btc_sha256_nonce,347266797.0000000000
407276,13079720254862,btc_qm_engine,btc_sha256_elapsed_ns,908.0000000000
407277,13079720255032,btc_qm_engine,btc_leading_zeros,0.0000000000
407278,13079720255152,btc_qm_engine,btc_sha256_nonce,849084027.0000000000
407279,13079720255369,btc_qm_engine,btc_leading_zeros,1.0000000000
407280,13079720255700,btc_qm_engine,btc_leading_zeros,1.0000000000
407281,13079720255954,btc_qm_engine,btc_sha256_nonce,3275603752.0000000000
407282,13079720256028,btc_qm_engine,btc_leading_zeros,0.0000000000
407283,13079720256080,btc_qm_engine,btc_sha256_elapsed_ns,854.0000000000
407284,13079720256281,btc_qm_engine,btc_sha256_elapsed_ns,791.0000000000
407285,13079720257146,btc_qm_engine,btc_leading_zeros,0.0000000000
407286,13079720257342,btc_qm_engine,btc_sha256_nonce,4238968553.0000000000
407287,13079720257438,btc_qm_engine,btc_leading_zeros,2.0000000000
407288,13079720257590,btc_qm_engine,btc_sha256_nonce,252875374.0000000000
407289,13079720257987,btc_qm_engine,btc_sha256_elapsed_ns,962.0000000000
407290,13079720258148,btc_qm_engine,btc_sha256_elapsed_ns,781.0000000000
407291,13079720258375,btc_qm_engine,btc_leading_zeros,1.0000000000
407292,13079720258775,btc_qm_engine,btc_sha256_elapsed_ns,1119.0000000000
407293,13079720258913,btc_qm_engine,btc_sha256_elapsed_ns,881.0000000000
407294,13079720259012,btc_qm_engine,btc_sha256_elapsed_ns,592.0000000000
407295,13079720259221,btc_qm_engine,btc_sha256_nonce,1738567227.0000000000
407296,13079720259299,btc_qm_engine,btc_leading_zeros,0.0000000000
407297,13079720259350,btc_qm_engine,btc_sha256_elapsed_ns,766.0000000000
407298,13079720259591,btc_qm_engine,btc_sha256_nonce,1753745232.0000000000
407299,13079720259690,btc_qm_engine,btc_leading_zeros,0.0000000000
407300,13079720259771,btc_qm_engine,btc_sha256_elapsed_ns,1070.0000000000
407301,13079720260021,btc_qm_engine,btc_sha256_nonce,518369162.0000000000
407302,13079720260101,btc_qm_engine,btc_leading_zeros,0.0000000000
407303,13079720260244,btc_qm_engine,btc_sha256_nonce,951602161.0000000000
407304,13079720260475,btc_qm_engine,btc_sha256_nonce,4190556775.0000000000
407305,13079720260634,btc_qm_engine,btc_leading_zeros,2.0000000000
407306,13079720260809,btc_qm_engine,btc_leading_zeros,0.0000000000
407307,13079720260934,btc_qm_engine,btc_sha256_elapsed_ns,791.0000000000
407308,13079720261143,btc_qm_engine,btc_sha256_nonce,2467012388.0000000000
407309,13079720261479,btc_qm_engine,btc_sha256_elapsed_ns,715.0000000000
407310,13079720261585,btc_qm_engine,btc_sha256_nonce,4166068540.0000000000
407311,13079720261944,btc_qm_engine,btc_leading_zeros,1.0000000000
407312,13079720262009,btc_qm_engine,btc_sha256_elapsed_ns,1088.0000000000
407313,13079720262906,btc_qm_engine,btc_sha256_nonce,1436731199.0000000000
407314,13079720262978,btc_qm_engine,btc_leading_zeros,0.0000000000
407315,13079720263085,btc_qm_engine,btc_sha256_nonce,1766113126.0000000000
407316,13079720263260,btc_qm_engine,btc_sha256_elapsed_ns,595.0000000000
407317,13079720263790,btc_qm_engine,btc_leading_zeros,2.0000000000
407318,13079720263915,btc_qm_engine,btc_leading_zeros,0.0000000000
407319,13079720264154,btc_qm_engine,btc_sha256_elapsed_ns,753.0000000000
407320,13079720264261,btc_qm_engine,btc_sha256_nonce,3263742355.0000000000
407321,13079720264494,btc_qm_engine,btc_sha256_elapsed_ns,1004.0000000000
407322,13079720264690,btc_qm_engine,btc_leading_zeros,1.0000000000
407323,13079720264798,btc_qm_engine,btc_sha256_nonce,908199776.0000000000
407324,13079720265083,btc_qm_engine,btc_leading_zeros,1.0000000000
407325,13079720265132,btc_qm_engine,btc_sha256_elapsed_ns,592.0000000000
407326,13079720265273,btc_qm_engine,btc_sha256_elapsed_ns,876.0000000000
407327,13079720265420,btc_qm_engine,btc_sha256_nonce,947250698.0000000000
407328,13079720265504,btc_qm_engine,btc_leading_zeros,1.0000000000
407329,13079720265585,btc_qm_engine,btc_sha256_elapsed_ns,1023.0000000000
407330,13079720265914,btc_qm_engine,btc_sha256_nonce,3264839640.0000000000
407331,13079720266005,btc_qm_engine,btc_leading_zeros,3.0000000000
407332,13079720266087,btc_qm_engine,btc_sha256_elapsed_ns,595.0000000000
407333,13079720266617,btc_qm_engine,btc_sha256_nonce,1909036051.0000000000
407334,13079720266760,btc_qm_engine,btc_sha256_nonce,3796992424.0000000000
407335,13079720266825,btc_qm_engine,btc_leading_zeros,0.0000000000
407336,13079720266894,btc_qm_engine,btc_sha256_elapsed_ns,981.0000000000
407337,13079720267017,btc_qm_engine,btc_sha256_nonce,2555246325.0000000000
407338,13079720267206,btc_qm_engine,btc_sha256_nonce,341278609.0000000000
407339,13079720267388,btc_qm_engine,btc_leading_zeros,1.0000000000
407340,13079720267476,btc_qm_engine,btc_sha256_elapsed_ns,826.0000000000
407341,13079720267614,btc_qm_engine,btc_sha256_elapsed_ns,885.0000000000
407342,13079720267802,btc_qm_engine,btc_leading_zeros,1.0000000000
407343,13079720267867,btc_qm_engine,btc_sha256_elapsed_ns,592.0000000000
407344,13079720268095,btc_qm_engine,btc_sha256_nonce,938487546.0000000000
407345,13079720268172,btc_qm_engine,btc_leading_zeros,0.0000000000
407346,13079720268228,btc_qm_engine,btc_leading_zeros,0.0000000000
407347,13079720268432,btc_qm_engine,btc_sha256_nonce,3991255736.0000000000
407348,13079720268531,btc_qm_engine,btc_leading_zeros,1.0000000000
407349,13079720268638,btc_qm_engine,btc_sha256_elapsed_ns,952.0000000000
407350,13079720268877,btc_qm_engine,btc_sha256_nonce,3910304388.0000000000
407351,13079720268975,btc_qm_engine,btc_leading_zeros,0.0000000000
407352,13079720269022,btc_qm_engine,btc_sha256_elapsed_ns,596.0000000000
407353,13079720269220,btc_qm_engine,btc_sha256_elapsed_ns,1086.0000000000
407354,13079720269424,btc_qm_engine,btc_sha256_elapsed_ns,771.0000000000
407355,13079720269712,btc_qm_engine,btc_sha256_nonce,252519588.0000000000
407356,13079720269853,btc_qm_engine,btc_sha256_nonce,1435707974.0000000000
407357,13079720269913,btc_qm_engine,btc_leading_zeros,2.0000000000
407358,13079720269960,btc_qm_engine,btc_sha256_elapsed_ns,597.0000000000
407359,13079720270100,btc_qm_engine,btc_leading_zeros,0.0000000000
407360,13079720270174,btc_qm_engine,btc_sha256_elapsed_ns,977.0000000000
407361,13079720270649,btc_qm_engine,btc_sha256_nonce,4229682055.0000000000
407362,13079720270860,btc_qm_engine,btc_sha256_nonce,1116631119.0000000000
407363,13079720271009,btc_qm_engine,btc_sha256_nonce,3519319036.0000000000
407364,13079720271085,btc_qm_engine,btc_leading_zeros,1.0000000000
407365,13079720271186,btc_qm_engine,btc_sha256_elapsed_ns,1007.0000000000
407366,13079720271441,btc_qm_engine,btc_leading_zeros,0.0000000000
407367,13079720272078,btc_qm_engine,btc_leading_zeros,0.0000000000
407368,13079720272587,btc_qm_engine,btc_sha256_nonce,2507522000.0000000000
407369,13079720272696,btc_qm_engine,btc_leading_zeros,0.0000000000
407370,13079720272765,btc_qm_engine,btc_sha256_elapsed_ns,915.0000000000
407371,13079720273671,btc_qm_engine,btc_sha256_nonce,2467948797.0000000000
407372,13079720273808,btc_qm_engine,btc_sha256_elapsed_ns,591.0000000000
407373,13079720274248,btc_qm_engine,btc_leading_zeros,0.0000000000
407374,13079720274660,btc_qm_engine,btc_sha256_elapsed_ns,740.0000000000
407375,13079720274808,btc_qm_engine,btc_sha256_elapsed_ns,1066.0000000000
407376,13079720275035,btc_qm_engine,btc_sha256_nonce,1009395089.0000000000
407377,13079720275106,btc_qm_engine,btc_leading_zeros,2.0000000000
407378,13079720275152,btc_qm_engine,btc_sha256_elapsed_ns,596.0000000000
407379,13079720275913,btc_qm_engine,btc_sha256_nonce,955492721.0000000000
407380,13079720275969,btc_qm_engine,btc_leading_zeros,4.0000000000
407381,13079720276164,btc_qm_engine,btc_sha256_nonce,2894167184.0000000000
407382,13079720276591,btc_qm_engine,btc_sha256_nonce,2295976491.0000000000
407383,13079720277217,btc_qm_engine,btc_sha256_nonce,2840639282.0000000000
407384,13079720277334,btc_qm_engine,btc_leading_zeros,0.0000000000
407385,13079720277405,btc_qm_engine,btc_sha256_elapsed_ns,1083.0000000000
407386,13079720277705,btc_qm_engine,btc_leading_zeros,0.0000000000
407387,13079720277780,btc_qm_engine,btc_sha256_elapsed_ns,821.0000000000
407388,13079720277948,btc_qm_engine,btc_sha256_nonce,253319145.0000000000
407389,13079720278255,btc_qm_engine,btc_leading_zeros,0.0000000000
407390,13079720278311,btc_qm_engine,btc_sha256_elapsed_ns,1075.0000000000
407391,13079720278483,btc_qm_engine,btc_leading_zeros,1.0000000000
407392,13079720278560,btc_qm_engine,btc_sha256_elapsed_ns,1118.0000000000
407393,13079720278737,btc_qm_engine,btc_sha256_nonce,4289230745.0000000000
407394,13079720278804,btc_qm_engine,btc_leading_zeros,0.0000000000
407395,13079720279007,btc_qm_engine,btc_sha256_elapsed_ns,931.0000000000
407396,13079720279287,btc_qm_engine,btc_sha256_nonce,3103280873.0000000000
407397,13079720279538,btc_qm_engine,btc_sha256_nonce,1486170697.0000000000
407398,13079720279753,btc_qm_engine,btc_leading_zeros,4.0000000000
407399,13079720279877,btc_qm_engine,btc_sha256_nonce,2467339202.0000000000
407400,13079720279951,btc_qm_engine,btc_leading_zeros,0.0000000000
407401,13079720280084,btc_qm_engine,btc_sha256_elapsed_ns,844.0000000000
407402,13079720280428,btc_qm_engine,btc_sha256_elapsed_ns,599.0000000000
407403,13079720280543,btc_qm_engine,btc_sha256_nonce,2800142196.0000000000
407404,13079720280619,btc_qm_engine,btc_leading_zeros,0.0000000000
407405,13079720281167,btc_qm_engine,btc_sha256_elapsed_ns,1015.0000000000
407406,13079720281593,btc_qm_engine,btc_sha256_elapsed_ns,1040.0000000000
407407,13079720281936,btc_qm_engine,btc_sha256_nonce,3264542588.0000000000
407408,13079720282209,btc_qm_engine,btc_leading_zeros,0.0000000000
407409,13079720282261,btc_qm_engine,btc_sha256_elapsed_ns,932.0000000000
407410,13079720282804,btc_qm_engine,btc_sha256_nonce,2736712149.0000000000
407411,13079720282889,btc_qm_engine,btc_leading_zeros,0.0000000000
407412,13079720282961,btc_qm_engine,btc_sha256_elapsed_ns,1128.0000000000
407413,13079720283287,btc_qm_engine,btc_sha256_nonce,3603720721.0000000000
407414,13079720283685,btc_qm_engine,btc_leading_zeros,0.0000000000
407415,13079720284113,btc_qm_engine,btc_sha256_nonce,2062666439.0000000000
407416,13079720284236,btc_qm_engine,btc_sha256_nonce,2786343108.0000000000
407417,13079720284310,btc_qm_engine,btc_leading_zeros,0.0000000000
407418,13079720284561,btc_qm_engine,btc_leading_zeros,0.0000000000
407419,13079720284757,btc_qm_engine,btc_sha256_elapsed_ns,825.0000000000
407420,13079720284868,btc_qm_engine,btc_sha256_elapsed_ns,998.0000000000
407421,13079720284986,btc_qm_engine,btc_sha256_elapsed_ns,597.0000000000
407422,13079720285335,btc_qm_engine,btc_sha256_nonce,1467657166.0000000000
407423,13079720285757,btc_qm_engine,btc_leading_zeros,0.0000000000
407424,13079720286053,btc_qm_engine,btc_sha256_nonce,3201446248.0000000000
407425,13079720286224,btc_qm_engine,btc_sha256_elapsed_ns,965.0000000000
407426,13079720286477,btc_qm_engine,btc_sha256_nonce,1932527843.0000000000
407427,13079720286694,btc_qm_engine,btc_leading_zeros,2.0000000000
407428,13079720286763,btc_qm_engine,btc_sha256_elapsed_ns,890.0000000000
407429,13079720287209,btc_qm_engine,btc_sha256_nonce,3988923830.0000000000
407430,13079720287543,btc_qm_engine,btc_leading_zeros,0.0000000000
407431,13079720287774,btc_qm_engine,btc_sha256_elapsed_ns,1021.0000000000
407432,13079720288117,btc_qm_engine,btc_sha256_nonce,2302262905.0000000000
407433,13079720288599,btc_qm_engine,btc_leading_zeros,0.0000000000
407434,13079720288651,btc_qm_engine,btc_sha256_elapsed_ns,836.0000000000
407435,13079720289463,btc_qm_engine,btc_leading_zeros,1.0000000000
407436,13079720289559,btc_qm_engine,btc_sha256_elapsed_ns,596.0000000000
407437,13079720289740,btc_qm_engine,btc_sha256_nonce,3587768547.0000000000
407438,13079720289818,btc_qm_engine,btc_leading_zeros,1.0000000000
407439,13079720289888,btc_qm_engine,btc_sha256_elapsed_ns,864.0000000000
407440,13079720290336,btc_qm_engine,btc_sha256_nonce,914040018.0000000000
407441,13079720290400,btc_qm_engine,btc_leading_zeros,0.0000000000
407442,13079720290446,btc_qm_engine,btc_sha256_elapsed_ns,595.0000000000
407443,13079720290979,btc_qm_engine,btc_sha256_nonce,4196988790.0000000000
407444,13079720291058,btc_qm_engine,btc_leading_zeros,1.0000000000
407445,13079720291114,btc_qm_engine,btc_sha256_elapsed_ns,875.0000000000
407446,13079720291227,btc_qm_engine,btc_sha256_nonce,1436312205.0000000000
407447,13079720291295,btc_qm_engine,btc_leading_zeros,1.0000000000
407448,13079720291342,btc_qm_engine,btc_sha256_elapsed_ns,593.0000000000
407449,13079720291934,btc_qm_engine,btc_sha256_nonce,948058642.0000000000
407450,13079720292017,btc_qm_engine,btc_leading_zeros,1.0000000000
407451,13079720292137,btc_qm_engine,btc_sha256_nonce,2176166518.0000000000
407452,13079720292275,btc_qm_engine,btc_sha256_elapsed_ns,1093.0000000000
407453,13079720292838,btc_qm_engine,btc_leading_zeros,1.0000000000
407454,13079720293392,btc_qm_engine,btc_leading_zeros,0.0000000000
407455,13079720293525,btc_qm_engine,btc_sha256_elapsed_ns,590.0000000000
407456,13079720293758,btc_qm_engine,btc_sha256_nonce,860780564.0000000000
407457,13079720294062,btc_qm_engine,btc_sha256_elapsed_ns,1110.0000000000
407458,13079720294238,btc_qm_engine,btc_leading_zeros,2.0000000000
407459,13079720294351,btc_qm_engine,btc_sha256_nonce,918313243.0000000000
407460,13079720294781,btc_qm_engine,btc_sha256_elapsed_ns,734.0000000000
407461,13079720294903,btc_qm_engine,btc_leading_zeros,0.0000000000
407462,13079720294983,btc_qm_engine,btc_sha256_elapsed_ns,596.0000000000
407463,13079720295426,btc_qm_engine,btc_sha256_nonce,1521705347.0000000000
407464,13079720295499,btc_qm_engine,btc_leading_zeros,0.0000000000
407465,13079720295574,btc_qm_engine,btc_sha256_elapsed_ns,846.0000000000
407466,13079720295784,btc_qm_engine,btc_sha256_nonce,1436131708.0000000000
407467,13079720295853,btc_qm_engine,btc_leading_zeros,0.0000000000
407468,13079720295898,btc_qm_engine,btc_sha256_elapsed_ns,595.0000000000
407469,13079720296050,btc_qm_engine,btc_sha256_nonce,3277742119.0000000000
407470,13079720296120,btc_qm_engine,btc_leading_zeros,0.0000000000
407471,13079720296171,btc_qm_engine,btc_sha256_elapsed_ns,720.0000000000
407472,13079720296651,btc_qm_engine,btc_sha256_nonce,947733969.0000000000
407473,13079720296854,btc_qm_engine,btc_sha256_nonce,817773455.0000000000
407474,13079720296926,btc_qm_engine,btc_leading_zeros,0.0000000000
407475,13079720297009,btc_qm_engine,btc_sha256_elapsed_ns,1073.0000000000
407476,13079720297185,btc_qm_engine,btc_leading_zeros,2.0000000000
407477,13079720297525,btc_qm_engine,btc_sha256_nonce,2695165526.0000000000
407478,13079720297721,btc_qm_engine,btc_sha256_elapsed_ns,1115.0000000000
407479,13079720297813,btc_qm_engine,btc_sha256_nonce,3402860685.0000000000
407480,13079720298258,btc_qm_engine,btc_sha256_nonce,252720040.0000000000
407481,13079720298480,btc_qm_engine,btc_leading_zeros,0.0000000000
407482,13079720298905,btc_qm_engine,btc_sha256_nonce,465234608.0000000000
407483,13079720298989,btc_qm_engine,btc_leading_zeros,1.0000000000
407484,13079720299186,btc_qm_engine,btc_leading_zeros,0.0000000000
407485,13079720299246,btc_qm_engine,btc_sha256_elapsed_ns,898.0000000000
407486,13079720299379,btc_qm_engine,btc_sha256_elapsed_ns,1129.0000000000
407487,13079720299839,btc_qm_engine,btc_sha256_nonce,3705148819.0000000000
407488,13079720300491,btc_qm_engine,btc_sha256_nonce,252682759.0000000000
407489,13079720300696,btc_qm_engine,btc_leading_zeros,0.0000000000
407490,13079720300960,btc_qm_engine,btc_sha256_elapsed_ns,710.0000000000
407491,13079720301156,btc_qm_engine,btc_sha256_elapsed_ns,1096.0000000000
407492,13079720301752,btc_qm_engine,btc_leading_zeros,0.0000000000
407493,13079720302054,btc_qm_engine,btc_sha256_elapsed_ns,958.0000000000
407494,13079720324853,btc_qm_engine,btc_leading_zeros,1.0000000000
407495,13079720325316,btc_qm_engine,btc_sha256_nonce,947951206.0000000000
407496,13079720325472,btc_qm_engine,btc_sha256_elapsed_ns,592.0000000000
407497,13079720325693,btc_qm_engine,btc_leading_zeros,1.0000000000
407498,13079720325767,btc_qm_engine,btc_sha256_elapsed_ns,22907.0000000000
407499,13079720325958,btc_qm_engine,btc_sha256_nonce,3066011313.0000000000
407500,13079720326290,btc_qm_engine,btc_leading_zeros,0.0000000000
407501,13079720326353,btc_qm_engine,btc_sha256_elapsed_ns,23194.0000000000
407502,13079720327156,btc_qm_engine,btc_sha256_nonce,3191073134.0000000000
407503,13079720327230,btc_qm_engine,btc_leading_zeros,1.0000000000
407504,13079720327285,btc_qm_engine,btc_sha256_elapsed_ns,908.0000000000
407505,13079720327441,btc_qm_engine,btc_sha256_nonce,1451819141.0000000000
407506,13079720327519,btc_qm_engine,btc_leading_zeros,0.0000000000
407507,13079720327572,btc_qm_engine,btc_sha256_elapsed_ns,816.0000000000
407508,13079720327663,btc_qm_engine,btc_sha256_nonce,252904050.0000000000
407509,13079720327731,btc_qm_engine,btc_leading_zeros,0.0000000000
407510,13079720327796,btc_qm_engine,btc_sha256_elapsed_ns,988.0000000000
407511,13079720328483,btc_qm_engine,btc_sha256_nonce,166664726.0000000000
407512,13079720328566,btc_qm_engine,btc_leading_zeros,4.0000000000
407513,13079720328728,btc_qm_engine,btc_sha256_elapsed_ns,941.0000000000
407514,13079720328968,btc_qm_engine,btc_sha256_nonce,3065442929.0000000000
407515,13079720329091,btc_qm_engine,btc_leading_zeros,0.0000000000
407516,13079720329478,btc_qm_engine,btc_sha256_nonce,17374179.0000000000
407517,13079720329655,btc_qm_engine,btc_sha256_elapsed_ns,937.0000000000
407518,13079720329925,btc_qm_engine,btc_leading_zeros,0.0000000000
407519,13079720329998,btc_qm_engine,btc_sha256_elapsed_ns,827.0000000000
407520,13079720330275,btc_qm_engine,btc_sha256_nonce,2255671329.0000000000
407521,13079720330354,btc_qm_engine,btc_leading_zeros,3.0000000000
407522,13079720330418,btc_qm_engine,btc_sha256_elapsed_ns,991.0000000000
407523,13079720330860,btc_qm_engine,btc_sha256_nonce,2792517842.0000000000
407524,13079720330939,btc_qm_engine,btc_leading_zeros,1.0000000000
407525,13079720331002,btc_qm_engine,btc_sha256_elapsed_ns,988.0000000000
407526,13079720331193,btc_qm_engine,btc_sha256_nonce,3263328813.0000000000
407527,13079720331269,btc_qm_engine,btc_leading_zeros,1.0000000000
407528,13079720331331,btc_qm_engine,btc_sha256_elapsed_ns,958.0000000000
407529,13079720331695,btc_qm_engine,btc_sha256_nonce,1435702540.0000000000
407530,13079720331766,btc_qm_engine,btc_leading_zeros,4.0000000000
407531,13079720331830,btc_qm_engine,btc_sha256_elapsed_ns,1016.0000000000
407532,13079720332138,btc_qm_engine,btc_sha256_nonce,3873509810.0000000000
407533,13079720332217,btc_qm_engine,btc_leading_zeros,4.0000000000
407534,13079720332287,btc_qm_engine,btc_sha256_elapsed_ns,886.0000000000
407535,13079720332474,btc_qm_engine,btc_sha256_nonce,3263286857.0000000000
407536,13079720332564,btc_qm_engine,btc_leading_zeros,2.0000000000
407537,13079720332629,btc_qm_engine,btc_sha256_elapsed_ns,906.0000000000
407538,13079720332731,btc_qm_engine,btc_sha256_nonce,1509033112.0000000000
407539,13079720332806,btc_qm_engine,btc_leading_zeros,0.0000000000
407540,13079720332859,btc_qm_engine,btc_sha256_elapsed_ns,900.0000000000
407541,13079720332950,btc_qm_engine,btc_sha256_nonce,479350744.0000000000
407542,13079720333025,btc_qm_engine,btc_leading_zeros,0.0000000000
407543,13079720333069,btc_qm_engine,btc_sha256_elapsed_ns,884.0000000000
407544,13079720333367,btc_qm_engine,btc_sha256_nonce,2118509231.0000000000
407545,13079720333448,btc_qm_engine,btc_leading_zeros,1.0000000000
407546,13079720333503,btc_qm_engine,btc_sha256_elapsed_ns,847.0000000000
407547,13079720333795,btc_qm_engine,btc_sha256_nonce,643211612.0000000000
407548,13079720333978,btc_qm_engine,btc_sha256_nonce,331790269.0000000000
407549,13079720334152,btc_qm_engine,btc_leading_zeros,0.0000000000
407550,13079720334234,btc_qm_engine,btc_sha256_nonce,3698927262.0000000000
407551,13079720334637,btc_qm_engine,btc_sha256_nonce,2244888687.0000000000
407552,13079720334715,btc_qm_engine,btc_leading_zeros,1.0000000000
407553,13079720334975,btc_qm_engine,btc_sha256_elapsed_ns,694.0000000000
407554,13079720335104,btc_qm_engine,btc_leading_zeros,1.0000000000
407555,13079720335355,btc_qm_engine,btc_sha256_elapsed_ns,920.0000000000
407556,13079720335542,btc_qm_engine,btc_leading_zeros,0.0000000000
407557,13079720335661,btc_qm_engine,btc_sha256_elapsed_ns,897.0000000000
407558,13079720335912,btc_qm_engine,btc_sha256_elapsed_ns,575.0000000000
407559,13079720336095,btc_qm_engine,btc_sha256_nonce,532911912.0000000000
407560,13079720336165,btc_qm_engine,btc_leading_zeros,4.0000000000
407561,13079720336228,btc_qm_engine,btc_sha256_elapsed_ns,693.0000000000
407562,13079720336538,btc_qm_engine,btc_sha256_nonce,252630608.0000000000
407563,13079720336621,btc_qm_engine,btc_leading_zeros,0.0000000000
407564,13079720336745,btc_qm_engine,btc_sha256_elapsed_ns,963.0000000000
407565,13079720336895,btc_qm_engine,btc_sha256_nonce,2882731253.0000000000
407566,13079720337141,btc_qm_engine,btc_sha256_nonce,2121103922.0000000000
407567,13079720337216,btc_qm_engine,btc_leading_zeros,4.0000000000
407568,13079720337269,btc_qm_engine,btc_sha256_elapsed_ns,697.0000000000
407569,13079720337397,btc_qm_engine,btc_leading_zeros,1.0000000000
407570,13079720337465,btc_qm_engine,btc_sha256_elapsed_ns,877.0000000000
407571,13079720338159,btc_qm_engine,btc_sha256_nonce,3863918366.0000000000
407572,13079720338227,btc_qm_engine,btc_leading_zeros,0.0000000000
407573,13079720338291,btc_qm_engine,btc_sha256_elapsed_ns,701.0000000000
407574,13079720338647,btc_qm_engine,btc_sha256_nonce,237907652.0000000000
407575,13079720338724,btc_qm_engine,btc_leading_zeros,0.0000000000
407576,13079720338792,btc_qm_engine,btc_sha256_elapsed_ns,940.0000000000
407577,13079720339165,btc_qm_engine,btc_sha256_nonce,641796523.0000000000
407578,13079720339236,btc_qm_engine,btc_leading_zeros,0.0000000000
407579,13079720339296,btc_qm_engine,btc_sha256_elapsed_ns,691.0000000000
407580,13079720339877,btc_qm_engine,btc_sha256_nonce,1479680862.0000000000
407581,13079720339947,btc_qm_engine,btc_leading_zeros,0.0000000000
407582,13079720340011,btc_qm_engine,btc_sha256_elapsed_ns,862.0000000000
407583,13079720340208,btc_qm_engine,btc_sha256_nonce,3018508922.0000000000
407584,13079720340275,btc_qm_engine,btc_leading_zeros,0.0000000000
407585,13079720340326,btc_qm_engine,btc_sha256_elapsed_ns,694.0000000000
407586,13079720340537,btc_qm_engine,btc_sha256_nonce,1632524696.0000000000
407587,13079720340796,btc_qm_engine,btc_leading_zeros,0.0000000000
407588,13079720340856,btc_qm_engine,btc_sha256_elapsed_ns,796.0000000000
407589,13079720341186,btc_qm_engine,btc_sha256_nonce,2796159852.0000000000
407590,13079720341255,btc_qm_engine,btc_leading_zeros,0.0000000000
407591,13079720341472,btc_qm_engine,btc_sha256_nonce,3263866773.0000000000
407592,13079720341573,btc_qm_engine,btc_leading_zeros,0.0000000000
407593,13079720341641,btc_qm_engine,btc_sha256_elapsed_ns,891.0000000000
407594,13079720341781,btc_qm_engine,btc_sha256_elapsed_ns,692.0000000000
407595,13079720341977,btc_qm_engine,btc_sha256_nonce,253372381.0000000000
407596,13079720342048,btc_qm_engine,btc_leading_zeros,0.0000000000
407597,13079720342469,btc_qm_engine,btc_sha256_nonce,3733549049.0000000000
407598,13079720342594,btc_qm_engine,btc_sha256_elapsed_ns,875.0000000000
407599,13079720342709,btc_qm_engine,btc_sha256_nonce,11494005.0000000000
407600,13079720342841,btc_qm_engine,btc_leading_zeros,0.0000000000
407601,13079720343103,btc_qm_engine,btc_sha256_elapsed_ns,569.0000000000
407602,13079720343282,btc_qm_engine,btc_leading_zeros,1.0000000000
407603,13079720343524,btc_qm_engine,btc_sha256_elapsed_ns,690.0000000000
407604,13079720343663,btc_qm_engine,btc_sha256_nonce,253330027.0000000000
407605,13079720343935,btc_qm_engine,btc_sha256_nonce,1493435296.0000000000
407606,13079720344004,btc_qm_engine,btc_leading_zeros,1.0000000000
407607,13079720344049,btc_qm_engine,btc_sha256_elapsed_ns,581.0000000000
407608,13079720344212,btc_qm_engine,btc_sha256_nonce,2084979726.0000000000
407609,13079720344402,btc_qm_engine,btc_sha256_nonce,3867647044.0000000000
407610,13079720344581,btc_qm_engine,btc_leading_zeros,1.0000000000
407611,13079720344658,btc_qm_engine,btc_sha256_elapsed_ns,957.0000000000
407612,13079720344798,btc_qm_engine,btc_leading_zeros,1.0000000000
407613,13079720344977,btc_qm_engine,btc_leading_zeros,0.0000000000
407614,13079720345393,btc_qm_engine,btc_sha256_nonce,1976562592.0000000000
407615,13079720345573,btc_qm_engine,btc_sha256_elapsed_ns,803.0000000000
407616,13079720345726,btc_qm_engine,btc_leading_zeros,1.0000000000
407617,13079720345932,btc_qm_engine,btc_sha256_nonce,3263082930.0000000000
407618,13079720346213,btc_qm_engine,btc_sha256_elapsed_ns,687.0000000000
407619,13079720346408,btc_qm_engine,btc_leading_zeros,0.0000000000
407620,13079720346687,btc_qm_engine,btc_sha256_nonce,2835419985.0000000000
407621,13079720346937,btc_qm_engine,btc_sha256_elapsed_ns,567.0000000000
407622,13079720347178,btc_qm_engine,btc_sha256_elapsed_ns,943.0000000000
407623,13079720347306,btc_qm_engine,btc_leading_zeros,0.0000000000
407624,13079720347762,btc_qm_engine,btc_sha256_nonce,3299714936.0000000000
407625,13079720347871,btc_qm_engine,btc_sha256_elapsed_ns,862.0000000000
407626,13079720348093,btc_qm_engine,btc_leading_zeros,0.0000000000
407627,13079720348166,btc_qm_engine,btc_sha256_elapsed_ns,689.0000000000
407628,13079720348381,btc_qm_engine,btc_sha256_nonce,40185999.0000000000
407629,13079720348616,btc_qm_engine,btc_leading_zeros,0.0000000000
407630,13079720348810,btc_qm_engine,btc_sha256_nonce,1013712293.0000000000
407631,13079720349097,btc_qm_engine,btc_sha256_nonce,4030591986.0000000000
407632,13079720349269,btc_qm_engine,btc_leading_zeros,1.0000000000
407633,13079720349497,btc_qm_engine,btc_sha256_nonce,3245764413.0000000000
407634,13079720349574,btc_qm_engine,btc_leading_zeros,0.0000000000
407635,13079720349641,btc_qm_engine,btc_sha256_elapsed_ns,884.0000000000
407636,13079720349849,btc_qm_engine,btc_sha256_elapsed_ns,1001.0000000000
407637,13079720350739,btc_qm_engine,btc_sha256_nonce,253026148.0000000000
407638,13079720350823,btc_qm_engine,btc_leading_zeros,4.0000000000
407639,13079720351044,btc_qm_engine,btc_sha256_nonce,4087027015.0000000000
407640,13079720351161,btc_qm_engine,btc_leading_zeros,2.0000000000
407641,13079720351236,btc_qm_engine,btc_leading_zeros,2.0000000000
407642,13079720351443,btc_qm_engine,btc_sha256_elapsed_ns,861.0000000000
407643,13079720351576,btc_qm_engine,btc_sha256_elapsed_ns,695.0000000000
407644,13079720351858,btc_qm_engine,btc_sha256_elapsed_ns,887.0000000000
407645,13079720352266,btc_qm_engine,btc_sha256_elapsed_ns,563.0000000000
407646,13079720352461,btc_qm_engine,btc_sha256_nonce,3462224828.0000000000
407647,13079720352531,btc_qm_engine,btc_leading_zeros,1.0000000000
407648,13079720352579,btc_qm_engine,btc_sha256_elapsed_ns,690.0000000000
407649,13079720352947,btc_qm_engine,btc_sha256_nonce,2658504639.0000000000
407650,13079720353023,btc_qm_engine,btc_leading_zeros,1.0000000000
407651,13079720353086,btc_qm_engine,btc_sha256_elapsed_ns,942.0000000000
407652,13079720353204,btc_qm_engine,btc_sha256_nonce,938217160.0000000000
407653,13079720353387,btc_qm_engine,btc_sha256_nonce,1005417180.0000000000
407654,13079720353564,btc_qm_engine,btc_sha256_nonce,12196599.0000000000
407655,13079720353812,btc_qm_engine,btc_leading_zeros,0.0000000000
407656,13079720353973,btc_qm_engine,btc_leading_zeros,2.0000000000
407657,13079720354262,btc_qm_engine,btc_sha256_nonce,252928809.0000000000
407658,13079720354462,btc_qm_engine,btc_sha256_elapsed_ns,702.0000000000
407659,13079720354769,btc_qm_engine,btc_sha256_elapsed_ns,914.0000000000
407660,13079720356075,btc_qm_engine,btc_leading_zeros,0.0000000000
407661,13079720356345,btc_qm_engine,btc_sha256_nonce,85006172.0000000000
407662,13079720356440,btc_qm_engine,btc_leading_zeros,3.0000000000
407663,13079720356526,btc_qm_engine,btc_sha256_elapsed_ns,1066.0000000000
407664,13079720356742,btc_qm_engine,btc_sha256_elapsed_ns,881.0000000000
407665,13079720357424,btc_qm_engine,btc_leading_zeros,0.0000000000
407666,13079720357704,btc_qm_engine,btc_sha256_elapsed_ns,562.0000000000
407667,13079720358349,btc_qm_engine,btc_sha256_nonce,1118575683.0000000000
407668,13079720358588,btc_qm_engine,btc_sha256_nonce,1185721927.0000000000
407669,13079720358758,btc_qm_engine,btc_leading_zeros,0.0000000000
407670,13079720358906,btc_qm_engine,btc_leading_zeros,2.0000000000
407671,13079720358973,btc_qm_engine,btc_sha256_elapsed_ns,564.0000000000
407672,13079720359097,btc_qm_engine,btc_sha256_elapsed_ns,839.0000000000
407673,13079720359239,btc_qm_engine,btc_sha256_nonce,4117219227.0000000000
407674,13079720359540,btc_qm_engine,btc_leading_zeros,2.0000000000
407675,13079720359593,btc_qm_engine,btc_sha256_elapsed_ns,960.0000000000
407676,13079720359728,btc_qm_engine,btc_sha256_nonce,2047916310.0000000000
407677,13079720359789,btc_qm_engine,btc_leading_zeros,0.0000000000
407678,13079720359846,btc_qm_engine,btc_sha256_elapsed_ns,562.0000000000
407679,13079720359988,btc_qm_engine,btc_sha256_nonce,3009272338.0000000000
407680,13079720360209,btc_qm_engine,btc_leading_zeros,2.0000000000
407681,13079720360254,btc_qm_engine,btc_sha256_elapsed_ns,570.0000000000
407682,13079720360645,btc_qm_engine,btc_sha256_nonce,1436348887.0000000000
407683,13079720360710,btc_qm_engine,btc_leading_zeros,0.0000000000
407684,13079720360802,btc_qm_engine,btc_sha256_nonce,3303077065.0000000000
407685,13079720361042,btc_qm_engine,btc_sha256_nonce,2498145260.0000000000
407686,13079720361113,btc_qm_engine,btc_leading_zeros,1.0000000000
407687,13079720361176,btc_qm_engine,btc_sha256_elapsed_ns,560.0000000000
407688,13079720361375,btc_qm_engine,btc_sha256_nonce,3862502454.0000000000
407689,13079720362150,btc_qm_engine,btc_leading_zeros,1.0000000000
407690,13079720362530,btc_qm_engine,btc_sha256_elapsed_ns,921.0000000000
407691,13079720362830,btc_qm_engine,btc_sha256_nonce,1482608448.0000000000
407692,13079720363038,btc_qm_engine,btc_leading_zeros,0.0000000000
407693,13079720363358,btc_qm_engine,btc_leading_zeros,2.0000000000
407694,13079720363548,btc_qm_engine,btc_sha256_elapsed_ns,1034.0000000000
407695,13079720363668,btc_qm_engine,btc_sha256_elapsed_ns,560.0000000000
407696,13079720364119,btc_qm_engine,btc_sha256_nonce,252856172.0000000000
407697,13079720364199,btc_qm_engine,btc_leading_zeros,0.0000000000
407698,13079720364260,btc_qm_engine,btc_sha256_elapsed_ns,964.0000000000
407699,13079720364426,btc_qm_engine,btc_sha256_nonce,2468084223.0000000000
407700,13079720364792,btc_qm_engine,btc_sha256_elapsed_ns,559.0000000000
407701,13079720364955,btc_qm_engine,btc_leading_zeros,0.0000000000
407702,13079720365203,btc_qm_engine,btc_sha256_elapsed_ns,565.0000000000
407703,13079720365341,btc_qm_engine,btc_sha256_nonce,3229913746.0000000000
407704,13079720365712,btc_qm_engine,btc_leading_zeros,3.0000000000
407705,13079720365883,btc_qm_engine,btc_sha256_nonce,2975715657.0000000000
407706,13079720366051,btc_qm_engine,btc_sha256_nonce,2865903229.0000000000
407707,13079720366260,btc_qm_engine,btc_sha256_nonce,3042317414.0000000000
407708,13079720366866,btc_qm_engine,btc_leading_zeros,0.0000000000
407709,13079720367062,btc_qm_engine,btc_sha256_elapsed_ns,569.0000000000
407710,13079720367284,btc_qm_engine,btc_leading_zeros,0.0000000000
407711,13079720367491,btc_qm_engine,btc_sha256_elapsed_ns,563.0000000000
407712,13079720368034,btc_qm_engine,btc_sha256_nonce,204609099.0000000000
407713,13079720368097,btc_qm_engine,btc_leading_zeros,4.0000000000
407714,13079720368141,btc_qm_engine,btc_sha256_elapsed_ns,566.0000000000
407715,13079720368250,btc_qm_engine,btc_sha256_nonce,1436160081.0000000000
407716,13079720368322,btc_qm_engine,btc_leading_zeros,2.0000000000
407717,13079720368367,btc_qm_engine,btc_sha256_elapsed_ns,567.0000000000
407718,13079720368897,btc_qm_engine,btc_sha256_nonce,4188674150.0000000000
407719,13079720368962,btc_qm_engine,btc_leading_zeros,0.0000000000
407720,13079720369019,btc_qm_engine,btc_sha256_elapsed_ns,561.0000000000
407721,13079720369139,btc_qm_engine,btc_sha256_nonce,1118530085.0000000000
407722,13079720369330,btc_qm_engine,btc_leading_zeros,1.0000000000
407723,13079720369709,btc_qm_engine,btc_leading_zeros,4.0000000000
407724,13079720369828,btc_qm_engine,btc_sha256_nonce,1929043837.0000000000
407725,13079720370101,btc_qm_engine,btc_sha256_elapsed_ns,1012.0000000000
407726,13079720370241,btc_qm_engine,btc_sha256_elapsed_ns,559.0000000000
407727,13079720370380,btc_qm_engine,btc_leading_zeros,0.0000000000
407728,13079720370442,btc_qm_engine,btc_sha256_elapsed_ns,560.0000000000
407729,13079720371274,btc_qm_engine,btc_sha256_nonce,1593900506.0000000000
407730,13079720371521,btc_qm_engine,btc_leading_zeros,0.0000000000
407731,13079720371957,btc_qm_engine,btc_sha256_elapsed_ns,831.0000000000
407732,13079720372320,btc_qm_engine,btc_sha256_nonce,1433196520.0000000000
407733,13079720373803,btc_qm_engine,btc_leading_zeros,0.0000000000
407734,13079720373895,btc_qm_engine,btc_sha256_elapsed_ns,563.0000000000
407735,13079720374604,btc_qm_engine,btc_sha256_nonce,592315503.0000000000
407736,13079720374656,btc_qm_engine,btc_leading_zeros,2.0000000000
407737,13079720374702,btc_qm_engine,btc_sha256_elapsed_ns,566.0000000000
407738,13079720375320,btc_qm_engine,btc_sha256_elapsed_ns,565.0000000000
407739,13079720375457,btc_qm_engine,btc_sha256_nonce,2466951817.0000000000
407740,13079720375523,btc_qm_engine,btc_leading_zeros,0.0000000000
407741,13079720375588,btc_qm_engine,btc_sha256_elapsed_ns,564.0000000000
407742,13079720375812,btc_qm_engine,btc_sha256_nonce,2886363145.0000000000
407743,13079720376019,btc_qm_engine,btc_leading_zeros,0.0000000000
407744,13079720376075,btc_qm_engine,btc_sha256_elapsed_ns,927.0000000000
407745,13079720376462,btc_qm_engine,btc_sha256_nonce,3848253091.0000000000
407746,13079720376801,btc_qm_engine,btc_sha256_nonce,79737716.0000000000
407747,13079720376925,btc_qm_engine,btc_leading_zeros,1.0000000000
407748,13079720376988,btc_qm_engine,btc_sha256_elapsed_ns,564.0000000000
407749,13079720377106,btc_qm_engine,btc_leading_zeros,3.0000000000
407750,13079720377300,btc_qm_engine,btc_sha256_elapsed_ns,569.0000000000
407751,13079720377748,btc_qm_engine,btc_sha256_nonce,324991756.0000000000
407752,13079720378010,btc_qm_engine,btc_sha256_nonce,4052433498.0000000000
407753,13079720378148,btc_qm_engine,btc_leading_zeros,0.0000000000
407754,13079720378579,btc_qm_engine,btc_sha256_nonce,1832367436.0000000000
407755,13079720378730,btc_qm_engine,btc_sha256_elapsed_ns,561.0000000000
407756,13079720379170,btc_qm_engine,btc_leading_zeros,1.0000000000
407757,13079720379386,btc_qm_engine,btc_sha256_elapsed_ns,564.0000000000
407758,13079720379912,btc_qm_engine,btc_sha256_nonce,2467434086.0000000000
407759,13079720379982,btc_qm_engine,btc_leading_zeros,1.0000000000
407760,13079720380038,btc_qm_engine,btc_sha256_elapsed_ns,563.0000000000
407761,13079720380163,btc_qm_engine,btc_sha256_nonce,634538676.0000000000
407762,13079720380226,btc_qm_engine,btc_leading_zeros,1.0000000000
407763,13079720380271,btc_qm_engine,btc_sha256_elapsed_ns,564.0000000000
407764,13079720380483,btc_qm_engine,btc_leading_zeros,0.0000000000
407765,13079720380591,btc_qm_engine,btc_sha256_elapsed_ns,963.0000000000
407766,13079720380820,btc_qm_engine,btc_sha256_nonce,2596608279.0000000000
407767,13079720380884,btc_qm_engine,btc_leading_zeros,0.0000000000
407768,13079720380945,btc_qm_engine,btc_sha256_elapsed_ns,561.0000000000
407769,13079720381051,btc_qm_engine,btc_sha256_nonce,1435802737.0000000000
407770,13079720381114,btc_qm_engine,btc_leading_zeros,0.0000000000
407771,13079720381160,btc_qm_engine,btc_sha256_elapsed_ns,562.0000000000
407772,13079720381724,btc_qm_engine,btc_sha256_nonce,2483000264.0000000000
407773,13079720381810,btc_qm_engine,btc_leading_zeros,2.0000000000
407774,13079720381929,btc_qm_engine,btc_sha256_nonce,245428992.0000000000
407775,13079720381998,btc_qm_engine,btc_leading_zeros,1.0000000000
407776,13079720382041,btc_qm_engine,btc_sha256_elapsed_ns,563.0000000000
407777,13079720382241,btc_qm_engine,btc_sha256_nonce,1343877851.0000000000
407778,13079720382513,btc_qm_engine,btc_sha256_elapsed_ns,559.0000000000
407779,13079720382686,btc_qm_engine,btc_leading_zeros,0.0000000000
407780,13079720382939,btc_qm_engine,btc_sha256_nonce,4198510180.0000000000
407781,13079720383039,btc_qm_engine,btc_sha256_elapsed_ns,981.0000000000
407782,13079720383216,btc_qm_engine,btc_sha256_nonce,4249702787.0000000000
407783,13079720383289,btc_qm_engine,btc_leading_zeros,1.0000000000
407784,13079720383406,btc_qm_engine,btc_leading_zeros,0.0000000000
407785,13079720383623,btc_qm_engine,btc_sha256_nonce,386986514.0000000000
407786,13079720384162,btc_qm_engine,btc_leading_zeros,0.0000000000
407787,13079720384206,btc_qm_engine,btc_sha256_elapsed_ns,560.0000000000
407788,13079720384314,btc_qm_engine,btc_sha256_nonce,1831398481.0000000000
407789,13079720384382,btc_qm_engine,btc_leading_zeros,1.0000000000
407790,13079720384446,btc_qm_engine,btc_sha256_elapsed_ns,1049.0000000000
407791,13079720384947,btc_qm_engine,btc_sha256_nonce,2829079256.0000000000
407792,13079720385020,btc_qm_engine,btc_leading_zeros,0.0000000000
407793,13079720385072,btc_qm_engine,btc_sha256_elapsed_ns,563.0000000000
407794,13079720385298,btc_qm_engine,btc_sha256_elapsed_ns,883.0000000000
407795,13079720385718,btc_qm_engine,btc_sha256_nonce,3263143126.0000000000
407796,13079720385912,btc_qm_engine,btc_leading_zeros,0.0000000000
407797,13079720386154,btc_qm_engine,btc_sha256_nonce,1525060213.0000000000
407798,13079720386273,btc_qm_engine,btc_sha256_elapsed_ns,1019.0000000000
407799,13079720386452,btc_qm_engine,btc_leading_zeros,0.0000000000
407800,13079720386526,btc_qm_engine,btc_sha256_elapsed_ns,557.0000000000
407801,13079720386656,btc_qm_engine,btc_sha256_nonce,281902678.0000000000
407802,13079720387068,btc_qm_engine,btc_sha256_elapsed_ns,562.0000000000
407803,13079720387236,btc_qm_engine,btc_leading_zeros,0.0000000000
407804,13079720387426,btc_qm_engine,btc_sha256_elapsed_ns,1034.0000000000
407805,13079720387544,btc_qm_engine,btc_sha256_nonce,2728073746.0000000000
407806,13079720387628,btc_qm_engine,btc_leading_zeros,1.0000000000
407807,13079720388011,btc_qm_engine,btc_sha256_nonce,4094891127.0000000000
407808,13079720388091,btc_qm_engine,btc_leading_zeros,2.0000000000
407809,13079720388223,btc_qm_engine,btc_sha256_elapsed_ns,1034.0000000000
407810,13079720388504,btc_qm_engine,btc_sha256_nonce,2467932041.0000000000
407811,13079720388729,btc_qm_engine,btc_sha256_nonce,4206158024.0000000000
407812,13079720388807,btc_qm_engine,btc_leading_zeros,0.0000000000
407813,13079720388897,btc_qm_engine,btc_sha256_elapsed_ns,851.0000000000
407814,13079720389084,btc_qm_engine,btc_leading_zeros,0.0000000000
407815,13079720389148,btc_qm_engine,btc_sha256_elapsed_ns,564.0000000000
407816,13079720389402,btc_qm_engine,btc_sha256_elapsed_ns,564.0000000000
407817,13079720389912,btc_qm_engine,btc_sha256_nonce,4210265036.0000000000
407818,13079720390203,btc_qm_engine,btc_leading_zeros,0.0000000000
407819,13079720390284,btc_qm_engine,btc_sha256_elapsed_ns,563.0000000000
407820,13079720390352,btc_qm_engine,btc_sha256_nonce,3263668196.0000000000
407821,13079720390549,btc_qm_engine,btc_sha256_nonce,2334899263.0000000000
407822,13079720390622,btc_qm_engine,btc_leading_zeros,0.0000000000
407823,13079720390674,btc_qm_engine,btc_sha256_elapsed_ns,924.0000000000
407824,13079720390832,btc_qm_engine,btc_sha256_nonce,2475414976.0000000000
407825,13079720391009,btc_qm_engine,btc_leading_zeros,0.0000000000
407826,13079720391223,btc_qm_engine,btc_leading_zeros,2.0000000000
407827,13079720391499,btc_qm_engine,btc_sha256_nonce,1597628196.0000000000
407828,13079720391861,btc_qm_engine,btc_leading_zeros,2.0000000000
407829,13079720392008,btc_qm_engine,btc_sha256_elapsed_ns,563.0000000000
407830,13079720392614,btc_qm_engine,btc_sha256_elapsed_ns,563.0000000000
407831,13079720392888,btc_qm_engine,btc_sha256_elapsed_ns,997.0000000000
407832,13079720393329,btc_qm_engine,btc_sha256_nonce,1436261737.0000000000
407833,13079720393398,btc_qm_engine,btc_leading_zeros,1.0000000000
407834,13079720393442,btc_qm_engine,btc_sha256_elapsed_ns,565.0000000000
407835,13079720394148,btc_qm_engine,btc_sha256_nonce,3673295656.0000000000
407836,13079720394192,btc_qm_engine,btc_leading_zeros,0.0000000000
407837,13079720394237,btc_qm_engine,btc_sha256_elapsed_ns,560.0000000000
407838,13079720394456,btc_qm_engine,btc_sha256_nonce,3657975580.0000000000
407839,13079720394532,btc_qm_engine,btc_leading_zeros,0.0000000000
407840,13079720394604,btc_qm_engine,btc_sha256_elapsed_ns,936.0000000000
407841,13079720394963,btc_qm_engine,btc_sha256_nonce,2287932148.0000000000
407842,13079720395036,btc_qm_engine,btc_leading_zeros,0.0000000000
407843,13079720395107,btc_qm_engine,btc_sha256_elapsed_ns,559.0000000000
407844,13079720395832,btc_qm_engine,btc_sha256_nonce,2820841523.0000000000
407845,13079720396055,btc_qm_engine,btc_sha256_nonce,1436225510.0000000000
407846,13079720396394,btc_qm_engine,btc_sha256_nonce,2467533096.0000000000
407847,13079720396635,btc_qm_engine,btc_leading_zeros,0.0000000000
407848,13079720396698,btc_qm_engine,btc_sha256_elapsed_ns,557.0000000000
407849,13079720396885,btc_qm_engine,btc_leading_zeros,2.0000000000
407850,13079720397184,btc_qm_engine,btc_leading_zeros,2.0000000000
407851,13079720397628,btc_qm_engine,btc_sha256_elapsed_ns,569.0000000000
407852,13079720397834,btc_qm_engine,btc_sha256_elapsed_ns,985.0000000000
407853,13079720398006,btc_qm_engine,btc_sha256_nonce,2720854551.0000000000
407854,13079720398295,btc_qm_engine,btc_sha256_nonce,1471050574.0000000000
407855,13079720398457,btc_qm_engine,btc_leading_zeros,0.0000000000
407856,13079720398591,btc_qm_engine,btc_sha256_nonce,1545967939.0000000000
407857,13079720398808,btc_qm_engine,btc_sha256_elapsed_ns,565.0000000000
407858,13079720399164,btc_qm_engine,btc_leading_zeros,1.0000000000
407859,13079720399295,btc_qm_engine,btc_leading_zeros,2.0000000000
407860,13079720399432,btc_qm_engine,btc_sha256_nonce,1105457248.0000000000
407861,13079720399665,btc_qm_engine,btc_sha256_elapsed_ns,986.0000000000
407862,13079720399912,btc_qm_engine,btc_sha256_elapsed_ns,565.0000000000
407863,13079720400041,btc_qm_engine,btc_sha256_nonce,1436281412.0000000000
407864,13079720400115,btc_qm_engine,btc_leading_zeros,0.0000000000
407865,13079720400174,btc_qm_engine,btc_sha256_elapsed_ns,567.0000000000
407866,13079720400883,btc_qm_engine,btc_sha256_nonce,1435894251.0000000000
407867,13079720400930,btc_qm_engine,btc_leading_zeros,4.0000000000
407868,13079720400976,btc_qm_engine,btc_sha256_elapsed_ns,563.0000000000
407869,13079720401063,btc_qm_engine,btc_sha256_nonce,3288038992.0000000000
407870,13079720401134,btc_qm_engine,btc_leading_zeros,2.0000000000
407871,13079720401204,btc_qm_engine,btc_sha256_elapsed_ns,807.0000000000
407872,13079720401717,btc_qm_engine,btc_sha256_nonce,974857886.0000000000
407873,13079720401783,btc_qm_engine,btc_leading_zeros,0.0000000000
407874,13079720401826,btc_qm_engine,btc_sha256_elapsed_ns,562.0000000000
407875,13079720402317,btc_qm_engine,btc_sha256_nonce,1846662549.0000000000
407876,13079720402387,btc_qm_engine,btc_leading_zeros,4.0000000000
407877,13079720402438,btc_qm_engine,btc_sha256_elapsed_ns,847.0000000000
407878,13079720402587,btc_qm_engine,btc_sha256_nonce,3984287101.0000000000
407879,13079720402649,btc_qm_engine,btc_leading_zeros,0.0000000000
407880,13079720402708,btc_qm_engine,btc_sha256_elapsed_ns,559.0000000000
407881,13079720403210,btc_qm_engine,btc_sha256_nonce,2578189620.0000000000
407882,13079720403277,btc_qm_engine,btc_leading_zeros,0.0000000000
407883,13079720403324,btc_qm_engine,btc_sha256_elapsed_ns,565.0000000000
407884,13079720403460,btc_qm_engine,btc_sha256_nonce,1436097429.0000000000
407885,13079720403520,btc_qm_engine,btc_leading_zeros,1.0000000000
407886,13079720403564,btc_qm_engine,btc_sha256_elapsed_ns,557.0000000000
407887,13079720403730,btc_qm_engine,btc_sha256_nonce,251969688.0000000000
407888,13079720404077,btc_qm_engine,btc_sha256_nonce,55680670.0000000000
407889,13079720404253,btc_qm_engine,btc_leading_zeros,0.0000000000
407890,13079720404386,btc_qm_engine,btc_sha256_nonce,3235429938.0000000000
407891,13079720404455,btc_qm_engine,btc_leading_zeros,3.0000000000
407892,13079720404663,btc_qm_engine,btc_sha256_elapsed_ns,565.0000000000
407893,13079720405048,btc_qm_engine,btc_sha256_elapsed_ns,565.0000000000
407894,13079720405207,btc_qm_engine,btc_leading_zeros,0.0000000000
407895,13079720405632,btc_qm_engine,btc_sha256_elapsed_ns,932.0000000000
407896,13079720406202,btc_qm_engine,btc_sha256_nonce,2467770751.0000000000
407897,13079720406269,btc_qm_engine,btc_leading_zeros,1.0000000000
407898,13079720406312,btc_qm_engine,btc_sha256_elapsed_ns,564.0000000000
407899,13079720406950,btc_qm_engine,btc_sha256_nonce,3168071647.0000000000
407900,13079720407022,btc_qm_engine,btc_leading_zeros,0.0000000000
407901,13079720407471,btc_qm_engine,btc_sha256_nonce,2798048815.0000000000
407902,13079720407590,btc_qm_engine,btc_sha256_elapsed_ns,1056.0000000000
407903,13079720407782,btc_qm_engine,btc_leading_zeros,2.0000000000
407904,13079720407844,btc_qm_engine,btc_sha256_elapsed_ns,559.0000000000
407905,13079720408054,btc_qm_engine,btc_sha256_nonce,1436590856.0000000000
407906,13079720408124,btc_qm_engine,btc_leading_zeros,3.0000000000
407907,13079720408169,btc_qm_engine,btc_sha256_elapsed_ns,566.0000000000
407908,13079720408607,btc_qm_engine,btc_sha256_nonce,2468069492.0000000000
407909,13079720408665,btc_qm_engine,btc_leading_zeros,0.0000000000
407910,13079720408731,btc_qm_engine,btc_sha256_elapsed_ns,565.0000000000
407911,13079720408852,btc_qm_engine,btc_sha256_nonce,1402927971.0000000000
407912,13079720409042,btc_qm_engine,btc_leading_zeros,0.0000000000
407913,13079720409362,btc_qm_engine,btc_sha256_nonce,46699275.0000000000
407914,13079720409578,btc_qm_engine,btc_sha256_nonce,2921056092.0000000000
407915,13079720409708,btc_qm_engine,btc_leading_zeros,0.0000000000
407916,13079720409775,btc_qm_engine,btc_sha256_elapsed_ns,563.0000000000
407917,13079720409928,btc_qm_engine,btc_leading_zeros,3.0000000000
407918,13079720410275,btc_qm_engine,btc_leading_zeros,0.0000000000
407919,13079720410538,btc_qm_engine,btc_sha256_nonce,2674761452.0000000000
407920,13079720410601,btc_qm_engine,btc_leading_zeros,0.0000000000
407921,13079720410645,btc_qm_engine,btc_sha256_elapsed_ns,566.0000000000
407922,13079720410807,btc_qm_engine,btc_sha256_elapsed_ns,557.0000000000
407923,13079720411378,btc_qm_engine,btc_sha256_nonce,406617196.0000000000
407924,13079720411440,btc_qm_engine,btc_leading_zeros,0.0000000000
407925,13079720411485,btc_qm_engine,btc_sha256_elapsed_ns,558.0000000000
407926,13079720411671,btc_qm_engine,btc_sha256_nonce,2326388765.0000000000
407927,13079720411757,btc_qm_engine,btc_leading_zeros,1.0000000000
407928,13079720411824,btc_qm_engine,btc_sha256_elapsed_ns,562.0000000000
407929,13079720412346,btc_qm_engine,btc_sha256_nonce,1204721579.0000000000
407930,13079720412427,btc_qm_engine,btc_leading_zeros,0.0000000000
407931,13079720412496,btc_qm_engine,btc_sha256_elapsed_ns,556.0000000000
407932,13079720412833,btc_qm_engine,btc_sha256_nonce,1885759988.0000000000
407933,13079720413212,btc_qm_engine,btc_leading_zeros,1.0000000000
407934,13079720413308,btc_qm_engine,btc_sha256_elapsed_ns,785.0000000000
407935,13079720413685,btc_qm_engine,btc_sha256_nonce,1436664934.0000000000
407936,13079720414236,btc_qm_engine,btc_sha256_elapsed_ns,967.0000000000
407937,13079720414411,btc_qm_engine,btc_leading_zeros,0.0000000000
407938,13079720414485,btc_qm_engine,btc_sha256_elapsed_ns,986.0000000000
407939,13079720414948,btc_qm_engine,btc_sha256_nonce,2467711023.0000000000
407940,13079720415024,btc_qm_engine,btc_leading_zeros,0.0000000000
407941,13079720415092,btc_qm_engine,btc_sha256_elapsed_ns,966.0000000000
407942,13079720415656,btc_qm_engine,btc_sha256_nonce,1905919318.0000000000
407943,13079720415733,btc_qm_engine,btc_leading_zeros,0.0000000000
407944,13079720415962,btc_qm_engine,btc_sha256_nonce,70065799.0000000000
407945,13079720416117,btc_qm_engine,btc_sha256_elapsed_ns,1015.0000000000
407946,13079720416731,btc_qm_engine,btc_sha256_nonce,3044083037.0000000000
407947,13079720417176,btc_qm_engine,btc_sha256_nonce,2548877541.0000000000
407948,13079720417640,btc_qm_engine,btc_leading_zeros,1.0000000000
407949,13079720417762,btc_qm_engine,btc_leading_zeros,0.0000000000
407950,13079720417854,btc_qm_engine,btc_sha256_elapsed_ns,975.0000000000
407951,13079720418014,btc_qm_engine,btc_sha256_elapsed_ns,827.0000000000
407952,13079720418665,btc_qm_engine,btc_leading_zeros,0.0000000000
407953,13079720418738,btc_qm_engine,btc_sha256_elapsed_ns,1004.0000000000
407954,13079720419011,btc_qm_engine,btc_sha256_nonce,197017981.0000000000
407955,13079720419087,btc_qm_engine,btc_leading_zeros,2.0000000000
407956,13079720419157,btc_qm_engine,btc_sha256_elapsed_ns,895.0000000000
407957,13079720419279,btc_qm_engine,btc_sha256_nonce,2059553783.0000000000
407958,13079720419358,btc_qm_engine,btc_leading_zeros,4.0000000000
407959,13079720419412,btc_qm_engine,btc_sha256_elapsed_ns,1035.0000000000
407960,13079720419833,btc_qm_engine,btc_sha256_nonce,2578225136.0000000000
407961,13079720419900,btc_qm_engine,btc_leading_zeros,0.0000000000
407962,13079720419958,btc_qm_engine,btc_sha256_elapsed_ns,860.0000000000
407963,13079720420416,btc_qm_engine,btc_sha256_nonce,1655921494.0000000000
407964,13079720420637,btc_qm_engine,btc_leading_zeros,0.0000000000
407965,13079720420936,btc_qm_engine,btc_sha256_nonce,3877391621.0000000000
407966,13079720421066,btc_qm_engine,btc_sha256_elapsed_ns,1022.0000000000
407967,13079720421273,btc_qm_engine,btc_leading_zeros,1.0000000000
407968,13079720421335,btc_qm_engine,btc_sha256_elapsed_ns,772.0000000000
407969,13079720421571,btc_qm_engine,btc_sha256_nonce,2559611258.0000000000
407970,13079720421919,btc_qm_engine,btc_leading_zeros,0.0000000000
407971,13079720421977,btc_qm_engine,btc_sha256_elapsed_ns,917.0000000000
407972,13079720422576,btc_qm_engine,btc_sha256_elapsed_ns,937.0000000000
407973,13079720423113,btc_qm_engine,btc_sha256_nonce,3000640560.0000000000
407974,13079720423425,btc_qm_engine,btc_leading_zeros,1.0000000000
407975,13079720423502,btc_qm_engine,btc_sha256_elapsed_ns,912.0000000000
407976,13079720423925,btc_qm_engine,btc_sha256_nonce,261038650.0000000000
407977,13079720424220,btc_qm_engine,btc_leading_zeros,0.0000000000
407978,13079720424265,btc_qm_engine,btc_sha256_elapsed_ns,897.0000000000
407979,13079720424424,btc_qm_engine,btc_sha256_nonce,3384526485.0000000000
407980,13079720424688,btc_qm_engine,btc_sha256_nonce,2491810624.0000000000
407981,13079720424781,btc_qm_engine,btc_leading_zeros,0.0000000000
407982,13079720425128,btc_qm_engine,btc_sha256_nonce,12402017.0000000000
407983,13079720425584,btc_qm_engine,btc_leading_zeros,2.0000000000
407984,13079720426067,btc_qm_engine,btc_sha256_elapsed_ns,983.0000000000
407985,13079720426303,btc_qm_engine,btc_sha256_nonce,1795698053.0000000000
407986,13079720426687,btc_qm_engine,btc_leading_zeros,0.0000000000
407987,13079720426920,btc_qm_engine,btc_sha256_elapsed_ns,572.0000000000
407988,13079720427602,btc_qm_engine,btc_sha256_nonce,123558264.0000000000
407989,13079720427798,btc_qm_engine,btc_leading_zeros,0.0000000000
407990,13079720428195,btc_qm_engine,btc_sha256_nonce,1388524275.0000000000
407991,13079720428414,btc_qm_engine,btc_leading_zeros,3.0000000000
407992,13079720428459,btc_qm_engine,btc_sha256_elapsed_ns,572.0000000000
407993,13079720428665,btc_qm_engine,btc_sha256_elapsed_ns,1043.0000000000
407994,13079720429060,btc_qm_engine,btc_leading_zeros,0.0000000000
407995,13079720429204,btc_qm_engine,btc_sha256_nonce,1164184838.0000000000
407996,13079720429268,btc_qm_engine,btc_leading_zeros,0.0000000000
407997,13079720429319,btc_qm_engine,btc_sha256_elapsed_ns,564.0000000000
407998,13079720429445,btc_qm_engine,btc_sha256_elapsed_ns,891.0000000000
407999,13079720430107,btc_qm_engine,btc_sha256_nonce,2862156053.0000000000
408000,13079720430169,btc_qm_engine,btc_leading_zeros,0.0000000000
408001,13079720430214,btc_qm_engine,btc_sha256_elapsed_ns,562.0000000000
408002,13079720430372,btc_qm_engine,btc_sha256_nonce,2087186993.0000000000
408003,13079720430577,btc_qm_engine,btc_leading_zeros,0.0000000000
408004,13079720430953,btc_qm_engine,btc_sha256_nonce,3730303547.0000000000
408005,13079720431116,btc_qm_engine,btc_sha256_elapsed_ns,1042.0000000000
408006,13079720431291,btc_qm_engine,btc_leading_zeros,2.0000000000
408007,13079720431373,btc_qm_engine,btc_sha256_elapsed_ns,564.0000000000
408008,13079720431888,btc_qm_engine,btc_sha256_elapsed_ns,1050.0000000000
408009,13079720431981,btc_qm_engine,btc_sha256_nonce,3780487399.0000000000
408010,13079720432244,btc_qm_engine,btc_leading_zeros,1.0000000000
408011,13079720432300,btc_qm_engine,btc_sha256_elapsed_ns,772.0000000000
408012,13079720432400,btc_qm_engine,btc_sha256_nonce,3080688057.0000000000
408013,13079720432469,btc_qm_engine,btc_leading_zeros,0.0000000000
408014,13079720432525,btc_qm_engine,btc_sha256_elapsed_ns,566.0000000000
408015,13079720432710,btc_qm_engine,btc_sha256_nonce,2354400246.0000000000
408016,13079720432784,btc_qm_engine,btc_leading_zeros,0.0000000000
408017,13079720432853,btc_qm_engine,btc_sha256_elapsed_ns,975.0000000000
408018,13079720433264,btc_qm_engine,btc_sha256_nonce,11754898.0000000000
408019,13079720433330,btc_qm_engine,btc_leading_zeros,0.0000000000
408020,13079720433373,btc_qm_engine,btc_sha256_elapsed_ns,563.0000000000
408021,13079720433588,btc_qm_engine,btc_sha256_nonce,2747323696.0000000000
408022,13079720433988,btc_qm_engine,btc_sha256_nonce,4026899522.0000000000
408023,13079720434132,btc_qm_engine,btc_sha256_nonce,82150168.0000000000
408024,13079720434389,btc_qm_engine,btc_leading_zeros,2.0000000000
408025,13079720434466,btc_qm_engine,btc_sha256_elapsed_ns,991.0000000000
408026,13079720434573,btc_qm_engine,btc_leading_zeros,1.0000000000
408027,13079720434673,btc_qm_engine,btc_leading_zeros,3.0000000000
408028,13079720434780,btc_qm_engine,btc_sha256_nonce,2236651816.0000000000
408029,13079720435078,btc_qm_engine,btc_leading_zeros,2.0000000000
408030,13079720435354,btc_qm_engine,btc_sha256_elapsed_ns,559.0000000000
408031,13079720435496,btc_qm_engine,btc_sha256_elapsed_ns,962.0000000000
408032,13079720435685,btc_qm_engine,btc_sha256_nonce,252326318.0000000000
408033,13079720435905,btc_qm_engine,btc_sha256_elapsed_ns,1022.0000000000
408034,13079720436024,btc_qm_engine,btc_leading_zeros,1.0000000000
408035,13079720436213,btc_qm_engine,btc_sha256_elapsed_ns,864.0000000000
408036,13079720436497,btc_qm_engine,btc_sha256_nonce,3387977342.0000000000
408037,13079720436783,btc_qm_engine,btc_leading_zeros,0.0000000000
408038,13079720436840,btc_qm_engine,btc_sha256_elapsed_ns,563.0000000000
408039,13079720437184,btc_qm_engine,btc_sha256_nonce,197155215.0000000000
408040,13079720437257,btc_qm_engine,btc_leading_zeros,1.0000000000
408041,13079720437326,btc_qm_engine,btc_sha256_elapsed_ns,1039.0000000000
408042,13079720437404,btc_qm_engine,btc_sha256_nonce,1474903595.0000000000
408043,13079720437481,btc_qm_engine,btc_leading_zeros,0.0000000000
408044,13079720437620,btc_qm_engine,btc_sha256_elapsed_ns,1026.0000000000
408045,13079720437844,btc_qm_engine,btc_sha256_nonce,3271976481.0000000000
408046,13079720438313,btc_qm_engine,btc_leading_zeros,2.0000000000
408047,13079720438450,btc_qm_engine,btc_sha256_elapsed_ns,953.0000000000
408048,13079720438874,btc_qm_engine,btc_sha256_nonce,1705329314.0000000000
408049,13079720439106,btc_qm_engine,btc_leading_zeros,1.0000000000
408050,13079720439157,btc_qm_engine,btc_sha256_elapsed_ns,855.0000000000
408051,13079720439594,btc_qm_engine,btc_sha256_nonce,4149935158.0000000000
408052,13079720439852,btc_qm_engine,btc_leading_zeros,0.0000000000
408053,13079720439899,btc_qm_engine,btc_sha256_elapsed_ns,561.0000000000
408054,13079720440056,btc_qm_engine,btc_sha256_nonce,4016293480.0000000000
408055,13079720440217,btc_qm_engine,btc_sha256_nonce,2750570662.0000000000
408056,13079720440294,btc_qm_engine,btc_leading_zeros,1.0000000000
408057,13079720440375,btc_qm_engine,btc_sha256_elapsed_ns,874.0000000000
408058,13079720440529,btc_qm_engine,btc_leading_zeros,4.0000000000
408059,13079720440700,btc_qm_engine,btc_sha256_nonce,2062251206.0000000000
408060,13079720440760,btc_qm_engine,btc_leading_zeros,0.0000000000
408061,13079720440805,btc_qm_engine,btc_sha256_elapsed_ns,568.0000000000
408062,13079720440916,btc_qm_engine,btc_sha256_elapsed_ns,915.0000000000
408063,13079720441598,btc_qm_engine,btc_sha256_nonce,2467003299.0000000000
408064,13079720441661,btc_qm_engine,btc_leading_zeros,2.0000000000
408065,13079720441819,btc_qm_engine,btc_sha256_nonce,1222580988.0000000000
408066,13079720441900,btc_qm_engine,btc_sha256_nonce,2174650202.0000000000
408067,13079720442104,btc_qm_engine,btc_sha256_elapsed_ns,561.0000000000
408068,13079720442221,btc_qm_engine,btc_leading_zeros,0.0000000000
408069,13079720442416,btc_qm_engine,btc_sha256_nonce,919564755.0000000000
408070,13079720442799,btc_qm_engine,btc_leading_zeros,0.0000000000
408071,13079720442959,btc_qm_engine,btc_sha256_elapsed_ns,1030.0000000000
408072,13079720443130,btc_qm_engine,btc_leading_zeros,1.0000000000
408073,13079720443272,btc_qm_engine,btc_sha256_elapsed_ns,1060.0000000000
408074,13079720443451,btc_qm_engine,btc_sha256_nonce,3996892645.0000000000
408075,13079720443562,btc_qm_engine,btc_sha256_elapsed_ns,1078.0000000000
408076,13079720443713,btc_qm_engine,btc_leading_zeros,4.0000000000
408077,13079720443772,btc_qm_engine,btc_sha256_elapsed_ns,564.0000000000
408078,13079720444480,btc_qm_engine,btc_sha256_nonce,3230610553.0000000000
408079,13079720444525,btc_qm_engine,btc_leading_zeros,1.0000000000
408080,13079720444806,btc_qm_engine,btc_sha256_nonce,3945031565.0000000000
408081,13079720445075,btc_qm_engine,btc_sha256_elapsed_ns,563.0000000000
408082,13079720445586,btc_qm_engine,btc_sha256_nonce,252933016.0000000000
408083,13079720446406,btc_qm_engine,btc_leading_zeros,0.0000000000
408084,13079720446462,btc_qm_engine,btc_sha256_elapsed_ns,1064.0000000000
408085,13079720447402,btc_qm_engine,btc_leading_zeros,0.0000000000
408086,13079720447530,btc_qm_engine,btc_sha256_elapsed_ns,1072.0000000000
408087,13079720447665,btc_qm_engine,btc_sha256_nonce,3634542569.0000000000
408088,13079720447732,btc_qm_engine,btc_leading_zeros,0.0000000000
408089,13079720447790,btc_qm_engine,btc_sha256_elapsed_ns,964.0000000000
408090,13079720448758,btc_qm_engine,btc_sha256_nonce,725285945.0000000000
408091,13079720448923,btc_qm_engine,btc_leading_zeros,1.0000000000
408092,13079720449038,btc_qm_engine,btc_sha256_nonce,2422097687.0000000000
408093,13079720449110,btc_qm_engine,btc_leading_zeros,0.0000000000
408094,13079720449281,btc_qm_engine,btc_sha256_elapsed_ns,565.0000000000
408095,13079720449970,btc_qm_engine,btc_sha256_elapsed_ns,992.0000000000
408096,13079720450047,btc_qm_engine,btc_sha256_nonce,3967337150.0000000000
408097,13079720450286,btc_qm_engine,btc_sha256_nonce,2615003790.0000000000
408098,13079720450491,btc_qm_engine,btc_leading_zeros,2.0000000000
408099,13079720450680,btc_qm_engine,btc_sha256_nonce,2375040512.0000000000
408100,13079720450923,btc_qm_engine,btc_sha256_elapsed_ns,1077.0000000000
408101,13079720451159,btc_qm_engine,btc_leading_zeros,0.0000000000
408102,13079720451364,btc_qm_engine,btc_sha256_elapsed_ns,562.0000000000
408103,13079720451646,btc_qm_engine,btc_sha256_nonce,2328893349.0000000000
408104,13079720451966,btc_qm_engine,btc_leading_zeros,1.0000000000
408105,13079720452032,btc_qm_engine,btc_sha256_elapsed_ns,850.0000000000
408106,13079720452216,btc_qm_engine,btc_sha256_nonce,1354526914.0000000000
408107,13079720452285,btc_qm_engine,btc_leading_zeros,0.0000000000
408108,13079720452349,btc_qm_engine,btc_sha256_elapsed_ns,1041.0000000000
408109,13079720452786,btc_qm_engine,btc_leading_zeros,0.0000000000
408110,13079720452891,btc_qm_engine,btc_sha256_elapsed_ns,562.0000000000
408111,13079720453076,btc_qm_engine,btc_sha256_nonce,1485568064.0000000000
408112,13079720453522,btc_qm_engine,btc_sha256_nonce,717049271.0000000000
408113,13079720453773,btc_qm_engine,btc_sha256_nonce,3203082878.0000000000
408114,13079720453914,btc_qm_engine,btc_leading_zeros,0.0000000000
408115,13079720454019,btc_qm_engine,btc_sha256_elapsed_ns,819.0000000000
408116,13079720454330,btc_qm_engine,btc_sha256_nonce,197093315.0000000000
408117,13079720454711,btc_qm_engine,btc_leading_zeros,0.0000000000
408118,13079720454994,btc_qm_engine,btc_sha256_nonce,3658164889.0000000000
408119,13079720455112,btc_qm_engine,btc_leading_zeros,1.0000000000
408120,13079720455239,btc_qm_engine,btc_sha256_nonce,1775177818.0000000000
408121,13079720455395,btc_qm_engine,btc_sha256_elapsed_ns,564.0000000000
408122,13079720455504,btc_qm_engine,btc_sha256_elapsed_ns,777.0000000000
408123,13079720455943,btc_qm_engine,btc_leading_zeros,2.0000000000
408124,13079720456233,btc_qm_engine,btc_sha256_elapsed_ns,1028.0000000000
408125,13079720456366,btc_qm_engine,btc_sha256_nonce,2467099845.0000000000
408126,13079720456429,btc_qm_engine,btc_leading_zeros,2.0000000000
408127,13079720456479,btc_qm_engine,btc_sha256_elapsed_ns,563.0000000000
408128,13079720456773,btc_qm_engine,btc_leading_zeros,0.0000000000
408129,13079720456850,btc_qm_engine,btc_sha256_elapsed_ns,978.0000000000
408130,13079720457001,btc_qm_engine,btc_sha256_nonce,1356195065.0000000000
408131,13079720457071,btc_qm_engine,btc_leading_zeros,1.0000000000
408132,13079720457128,btc_qm_engine,btc_sha256_elapsed_ns,800.0000000000
408133,13079720457232,btc_qm_engine,btc_sha256_nonce,3200818721.0000000000
408134,13079720457295,btc_qm_engine,btc_leading_zeros,0.0000000000
408135,13079720457340,btc_qm_engine,btc_sha256_elapsed_ns,558.0000000000
408136,13079720457448,btc_qm_engine,btc_sha256_nonce,890431947.0000000000
408137,13079720457521,btc_qm_engine,btc_leading_zeros,0.0000000000
408138,13079720457580,btc_qm_engine,btc_sha256_elapsed_ns,968.0000000000
408139,13079720458135,btc_qm_engine,btc_sha256_nonce,4046734909.0000000000
408140,13079720458440,btc_qm_engine,btc_sha256_nonce,1955924307.0000000000
408141,13079720458710,btc_qm_engine,btc_leading_zeros,0.0000000000
408142,13079720458806,btc_qm_engine,btc_sha256_nonce,3377129938.0000000000
408143,13079720459028,btc_qm_engine,btc_leading_zeros,0.0000000000
408144,13079720459130,btc_qm_engine,btc_sha256_elapsed_ns,1026.0000000000
408145,13079720459219,btc_qm_engine,btc_sha256_elapsed_ns,562.0000000000
408146,13079720460392,btc_qm_engine,btc_sha256_nonce,508926386.0000000000
408147,13079720460771,btc_qm_engine,btc_sha256_nonce,2467191599.0000000000
408148,13079720460980,btc_qm_engine,btc_leading_zeros,0.0000000000
408149,13079720461387,btc_qm_engine,btc_leading_zeros,4.0000000000
408150,13079720461788,btc_qm_engine,btc_leading_zeros,1.0000000000
408151,13079720461862,btc_qm_engine,btc_sha256_elapsed_ns,778.0000000000
408152,13079720462028,btc_qm_engine,btc_sha256_elapsed_ns,1005.0000000000
408153,13079720463003,btc_qm_engine,btc_sha256_nonce,3783851088.0000000000
408154,13079720463072,btc_qm_engine,btc_leading_zeros,1.0000000000
408155,13079720463135,btc_qm_engine,btc_sha256_elapsed_ns,907.0000000000
408156,13079720463320,btc_qm_engine,btc_sha256_nonce,197443239.0000000000
408157,13079720463375,btc_qm_engine,btc_leading_zeros,0.0000000000
408158,13079720463446,btc_qm_engine,btc_sha256_elapsed_ns,1055.0000000000
408159,13079720463568,btc_qm_engine,btc_sha256_elapsed_ns,1050.0000000000
408160,13079720464359,btc_qm_engine,btc_sha256_nonce,3563245147.0000000000
408161,13079720464450,btc_qm_engine,btc_leading_zeros,3.0000000000
408162,13079720464522,btc_qm_engine,btc_sha256_elapsed_ns,987.0000000000
408163,13079720464695,btc_qm_engine,btc_sha256_nonce,455195592.0000000000
408164,13079720464897,btc_qm_engine,btc_sha256_nonce,11351468.0000000000
408165,13079720464980,btc_qm_engine,btc_leading_zeros,3.0000000000
408166,13079720465192,btc_qm_engine,btc_leading_zeros,0.0000000000
408167,13079720465505,btc_qm_engine,btc_sha256_nonce,788004709.0000000000
408168,13079720465681,btc_qm_engine,btc_leading_zeros,0.0000000000
408169,13079720465856,btc_qm_engine,btc_leading_zeros,0.0000000000
408170,13079720465926,btc_qm_engine,btc_sha256_elapsed_ns,962.0000000000
408171,13079720466081,btc_qm_engine,btc_sha256_elapsed_ns,987.0000000000
408172,13079720466463,btc_qm_engine,btc_sha256_elapsed_ns,1021.0000000000
408173,13079720466709,btc_qm_engine,btc_sha256_elapsed_ns,571.0000000000
408174,13079720467673,btc_qm_engine,btc_sha256_nonce,3377067358.0000000000
408175,13079720468099,btc_qm_engine,btc_sha256_nonce,197948724.0000000000
408176,13079720468547,btc_qm_engine,btc_sha256_nonce,2126926145.0000000000
408177,13079720468647,btc_qm_engine,btc_leading_zeros,2.0000000000
408178,13079720468838,btc_qm_engine,btc_leading_zeros,1.0000000000
408179,13079720468978,btc_qm_engine,btc_leading_zeros,1.0000000000
408180,13079720469162,btc_qm_engine,btc_sha256_elapsed_ns,700.0000000000
408181,13079720469288,btc_qm_engine,btc_sha256_elapsed_ns,567.0000000000
408182,13079720469480,btc_qm_engine,btc_sha256_elapsed_ns,1030.0000000000
408183,13079720470186,btc_qm_engine,btc_sha256_nonce,1019475926.0000000000
408184,13079720470254,btc_qm_engine,btc_leading_zeros,0.0000000000
408185,13079720470299,btc_qm_engine,btc_sha256_elapsed_ns,563.0000000000
408186,13079720470396,btc_qm_engine,btc_sha256_nonce,4125847817.0000000000
408187,13079720470474,btc_qm_engine,btc_leading_zeros,3.0000000000
408188,13079720470545,btc_qm_engine,btc_sha256_elapsed_ns,997.0000000000
408189,13079720470653,btc_qm_engine,btc_sha256_nonce,3546490424.0000000000
408190,13079720470725,btc_qm_engine,btc_leading_zeros,0.0000000000
408191,13079720470796,btc_qm_engine,btc_sha256_elapsed_ns,935.0000000000
408192,13079720470946,btc_qm_engine,btc_sha256_nonce,3974128072.0000000000
408193,13079720471078,btc_qm_engine,btc_sha256_nonce,1348113778.0000000000
408194,13079720471424,btc_qm_engine,btc_leading_zeros,1.0000000000
408195,13079720471482,btc_qm_engine,btc_sha256_elapsed_ns,565.0000000000
408196,13079720471560,btc_qm_engine,btc_leading_zeros,0.0000000000
408197,13079720471679,btc_qm_engine,btc_sha256_nonce,4112029920.0000000000
408198,13079720471746,btc_qm_engine,btc_leading_zeros,0.0000000000
408199,13079720471815,btc_qm_engine,btc_sha256_elapsed_ns,933.0000000000
408200,13079720471915,btc_qm_engine,btc_sha256_elapsed_ns,1037.0000000000
408201,13079720472219,btc_qm_engine,btc_sha256_nonce,1247381665.0000000000
408202,13079720472322,btc_qm_engine,btc_leading_zeros,0.0000000000
408203,13079720472367,btc_qm_engine,btc_sha256_elapsed_ns,565.0000000000
408204,13079720472815,btc_qm_engine,btc_sha256_nonce,11247513.0000000000
408205,13079720473058,btc_qm_engine,btc_sha256_nonce,1926762674.0000000000
408206,13079720473249,btc_qm_engine,btc_leading_zeros,1.0000000000
408207,13079720473362,btc_qm_engine,btc_sha256_nonce,3817830807.0000000000
408208,13079720473430,btc_qm_engine,btc_leading_zeros,0.0000000000
408209,13079720473493,btc_qm_engine,btc_sha256_elapsed_ns,565.0000000000
408210,13079720473580,btc_qm_engine,btc_sha256_nonce,251358317.0000000000
408211,13079720473728,btc_qm_engine,btc_sha256_nonce,305407293.0000000000
408212,13079720474202,btc_qm_engine,btc_sha256_nonce,3877966433.0000000000
408213,13079720474445,btc_qm_engine,btc_leading_zeros,1.0000000000
408214,13079720474620,btc_qm_engine,btc_leading_zeros,0.0000000000
408215,13079720474979,btc_qm_engine,btc_sha256_elapsed_ns,1003.0000000000
408216,13079720475451,btc_qm_engine,btc_sha256_elapsed_ns,561.0000000000
408217,13079720476261,btc_qm_engine,btc_leading_zeros,0.0000000000
408218,13079720476329,btc_qm_engine,btc_sha256_elapsed_ns,972.0000000000
408219,13079720476809,btc_qm_engine,btc_sha256_nonce,2107675269.0000000000
408220,13079720477050,btc_qm_engine,btc_leading_zeros,2.0000000000
408221,13079720477111,btc_qm_engine,btc_sha256_elapsed_ns,567.0000000000
408222,13079720477815,btc_qm_engine,btc_sha256_nonce,3570447685.0000000000
408223,13079720477861,btc_qm_engine,btc_leading_zeros,0.0000000000
408224,13079720477905,btc_qm_engine,btc_sha256_elapsed_ns,562.0000000000
408225,13079720478016,btc_qm_engine,btc_sha256_nonce,3421784310.0000000000
408226,13079720478092,btc_qm_engine,btc_leading_zeros,0.0000000000
408227,13079720478159,btc_qm_engine,btc_sha256_elapsed_ns,1011.0000000000
408228,13079720478463,btc_qm_engine,btc_sha256_nonce,3202792267.0000000000
408229,13079720478533,btc_qm_engine,btc_leading_zeros,3.0000000000
408230,13079720478673,btc_qm_engine,btc_sha256_elapsed_ns,1021.0000000000
408231,13079720479063,btc_qm_engine,btc_sha256_nonce,388635493.0000000000
408232,13079720479268,btc_qm_engine,btc_leading_zeros,0.0000000000
408233,13079720479660,btc_qm_engine,btc_leading_zeros,1.0000000000
408234,13079720479882,btc_qm_engine,btc_sha256_nonce,3027076764.0000000000
408235,13079720480084,btc_qm_engine,btc_sha256_elapsed_ns,950.0000000000
408236,13079720480260,btc_qm_engine,btc_sha256_nonce,2570130996.0000000000
408237,13079720480355,btc_qm_engine,btc_leading_zeros,1.0000000000
408238,13079720480437,btc_qm_engine,btc_leading_zeros,3.0000000000
408239,13079720480994,btc_qm_engine,btc_sha256_elapsed_ns,911.0000000000
408240,13079720481160,btc_qm_engine,btc_sha256_elapsed_ns,962.0000000000
408241,13079720481293,btc_qm_engine,btc_sha256_elapsed_ns,558.0000000000
408242,13079720482180,btc_qm_engine,btc_sha256_nonce,2880455359.0000000000
408243,13079720482368,btc_qm_engine,btc_leading_zeros,2.0000000000
408244,13079720482522,btc_qm_engine,btc_sha256_nonce,1436006674.0000000000
408245,13079720483046,btc_qm_engine,btc_leading_zeros,1.0000000000
408246,13079720483097,btc_qm_engine,btc_sha256_elapsed_ns,1012.0000000000
408247,13079720483968,btc_qm_engine,btc_sha256_nonce,4273392948.0000000000
408248,13079720484059,btc_qm_engine,btc_leading_zeros,4.0000000000
408249,13079720484138,btc_qm_engine,btc_sha256_elapsed_ns,1088.0000000000
408250,13079720484357,btc_qm_engine,btc_sha256_nonce,195878301.0000000000
408251,13079720484427,btc_qm_engine,btc_leading_zeros,0.0000000000
408252,13079720484492,btc_qm_engine,btc_sha256_elapsed_ns,1010.0000000000
408253,13079720484753,btc_qm_engine,btc_sha256_elapsed_ns,934.0000000000
408254,13079720484973,btc_qm_engine,btc_sha256_elapsed_ns,562.0000000000
408255,13079720485426,btc_qm_engine,btc_sha256_nonce,2565260021.0000000000
408256,13079720485502,btc_qm_engine,btc_leading_zeros,0.0000000000
408257,13079720485569,btc_qm_engine,btc_sha256_elapsed_ns,1068.0000000000
408258,13079720485739,btc_qm_engine,btc_sha256_nonce,1369226336.0000000000
408259,13079720485963,btc_qm_engine,btc_sha256_nonce,2290940833.0000000000
408260,13079720486031,btc_qm_engine,btc_leading_zeros,1.0000000000
408261,13079720486078,btc_qm_engine,btc_sha256_elapsed_ns,560.0000000000
408262,13079720486247,btc_qm_engine,btc_leading_zeros,1.0000000000
408263,13079720486401,btc_qm_engine,btc_sha256_nonce,252394172.0000000000
408264,13079720486707,btc_qm_engine,btc_sha256_elapsed_ns,919.0000000000
408265,13079720486916,btc_qm_engine,btc_sha256_nonce,2659134484.0000000000
408266,13079720487284,btc_qm_engine,btc_leading_zeros,2.0000000000
408267,13079720487521,btc_qm_engine,btc_sha256_nonce,2467219385.0000000000
408268,13079720487698,btc_qm_engine,btc_leading_zeros,4.0000000000
408269,13079720487901,btc_qm_engine,btc_leading_zeros,0.0000000000
408270,13079720488207,btc_qm_engine,btc_sha256_nonce,1640202786.0000000000
408271,13079720488321,btc_qm_engine,btc_leading_zeros,0.0000000000
408272,13079720488450,btc_qm_engine,btc_sha256_nonce,3076808682.0000000000
408273,13079720488658,btc_qm_engine,btc_sha256_elapsed_ns,985.0000000000
408274,13079720488873,btc_qm_engine,btc_sha256_elapsed_ns,562.0000000000
408275,13079720488993,btc_qm_engine,btc_leading_zeros,1.0000000000
408276,13079720489265,btc_qm_engine,btc_sha256_elapsed_ns,875.0000000000
408277,13079720489493,btc_qm_engine,btc_sha256_elapsed_ns,1041.0000000000
408278,13079720489893,btc_qm_engine,btc_sha256_nonce,12363235.0000000000
408279,13079720490105,btc_qm_engine,btc_sha256_nonce,2466913600.0000000000
408280,13079720490339,btc_qm_engine,btc_leading_zeros,9.0000000000
408281,13079720490390,btc_qm_engine,btc_sha256_elapsed_ns,564.0000000000
408282,13079720490462,btc_qm_engine,btc_leading_zeros,0.0000000000
408283,13079720490745,btc_qm_engine,btc_sha256_nonce,899509454.0000000000
408284,13079720491126,btc_qm_engine,btc_sha256_nonce,3005141679.0000000000
408285,13079720491187,btc_qm_engine,btc_leading_zeros,3.0000000000
408286,13079720491232,btc_qm_engine,btc_sha256_elapsed_ns,562.0000000000
408287,13079720491370,btc_qm_engine,btc_leading_zeros,1.0000000000
408288,13079720491442,btc_qm_engine,btc_sha256_elapsed_ns,993.0000000000
408289,13079720491621,btc_qm_engine,btc_sha256_elapsed_ns,940.0000000000
408290,13079720492178,btc_qm_engine,btc_sha256_nonce,3437481219.0000000000
408291,13079720492256,btc_qm_engine,btc_leading_zeros,1.0000000000
408292,13079720492300,btc_qm_engine,btc_sha256_elapsed_ns,564.0000000000
408293,13079720492629,btc_qm_engine,btc_sha256_nonce,2773554460.0000000000
408294,13079720492699,btc_qm_engine,btc_leading_zeros,0.0000000000
408295,13079720492762,btc_qm_engine,btc_sha256_elapsed_ns,966.0000000000
408296,13079720492894,btc_qm_engine,btc_sha256_nonce,1454704615.0000000000
408297,13079720492975,btc_qm_engine,btc_leading_zeros,0.0000000000
408298,13079720493147,btc_qm_engine,btc_sha256_nonce,2518788685.0000000000
408299,13079720493393,btc_qm_engine,btc_sha256_elapsed_ns,928.0000000000
408300,13079720493550,btc_qm_engine,btc_leading_zeros,1.0000000000
408301,13079720493738,btc_qm_engine,btc_sha256_nonce,2873127767.0000000000
408302,13079720493868,btc_qm_engine,btc_sha256_elapsed_ns,558.0000000000
408303,13079720493979,btc_qm_engine,btc_sha256_nonce,3562970966.0000000000
408304,13079720494119,btc_qm_engine,btc_leading_zeros,1.0000000000
408305,13079720494602,btc_qm_engine,btc_sha256_elapsed_ns,1029.0000000000
408306,13079720494883,btc_qm_engine,btc_sha256_nonce,3040777408.0000000000
408307,13079720495573,btc_qm_engine,btc_leading_zeros,0.0000000000
408308,13079720495835,btc_qm_engine,btc_leading_zeros,0.0000000000
408309,13079720496018,btc_qm_engine,btc_sha256_elapsed_ns,987.0000000000
408310,13079720496461,btc_qm_engine,btc_sha256_elapsed_ns,863.0000000000
408311,13079720497775,btc_qm_engine,btc_sha256_nonce,4198308743.0000000000
408312,13079720497848,btc_qm_engine,btc_leading_zeros,1.0000000000
408313,13079720497925,btc_qm_engine,btc_sha256_elapsed_ns,1065.0000000000
408314,13079720498155,btc_qm_engine,btc_sha256_nonce,1995603901.0000000000
408315,13079720498225,btc_qm_engine,btc_leading_zeros,2.0000000000
408316,13079720498285,btc_qm_engine,btc_sha256_elapsed_ns,1030.0000000000
408317,13079720499132,btc_qm_engine,btc_sha256_nonce,3516875440.0000000000
408318,13079720499208,btc_qm_engine,btc_leading_zeros,2.0000000000
408319,13079720499263,btc_qm_engine,btc_sha256_elapsed_ns,957.0000000000
408320,13079720499465,btc_qm_engine,btc_sha256_nonce,1396732714.0000000000
408321,13079720499530,btc_qm_engine,btc_leading_zeros,1.0000000000
408322,13079720499588,btc_qm_engine,btc_sha256_elapsed_ns,952.0000000000
408323,13079720500578,btc_qm_engine,btc_sha256_nonce,198109827.0000000000
408324,13079720500680,btc_qm_engine,btc_leading_zeros,2.0000000000
408325,13079720501140,btc_qm_engine,btc_sha256_elapsed_ns,1052.0000000000
408326,13079720501556,btc_qm_engine,btc_sha256_nonce,3334644926.0000000000
408327,13079720501683,btc_qm_engine,btc_sha256_elapsed_ns,910.0000000000
408328,13079720501943,btc_qm_engine,btc_leading_zeros,1.0000000000
408329,13079720502028,btc_qm_engine,btc_sha256_elapsed_ns,879.0000000000
408330,13079720502823,btc_qm_engine,btc_sha256_nonce,3635801664.0000000000
408331,13079720502914,btc_qm_engine,btc_leading_zeros,3.0000000000
408332,13079720503122,btc_qm_engine,btc_sha256_nonce,11579361.0000000000
408333,13079720503257,btc_qm_engine,btc_sha256_nonce,121943485.0000000000
408334,13079720503563,btc_qm_engine,btc_sha256_nonce,3119404461.0000000000
408335,13079720504135,btc_qm_engine,btc_leading_zeros,1.0000000000
408336,13079720504219,btc_qm_engine,btc_sha256_elapsed_ns,1035.0000000000
408337,13079720504616,btc_qm_engine,btc_sha256_elapsed_ns,1004.0000000000
408338,13079720505807,btc_qm_engine,btc_sha256_nonce,3202804919.0000000000
408339,13079720505873,btc_qm_engine,btc_sha256_nonce,262615025.0000000000
408340,13079720506192,btc_qm_engine,btc_leading_zeros,0.0000000000
408341,13079720506627,btc_qm_engine,btc_leading_zeros,1.0000000000
408342,13079720506742,btc_qm_engine,btc_sha256_nonce,2872103081.0000000000
408343,13079720506967,btc_qm_engine,btc_sha256_elapsed_ns,1054.0000000000
408344,13079720507251,btc_qm_engine,btc_sha256_elapsed_ns,1059.0000000000
408345,13079720507326,btc_qm_engine,btc_leading_zeros,0.0000000000
408346,13079720507529,btc_qm_engine,btc_leading_zeros,0.0000000000
408347,13079720507642,btc_qm_engine,btc_sha256_elapsed_ns,563.0000000000
408348,13079720507825,btc_qm_engine,btc_sha256_elapsed_ns,793.0000000000
408349,13079720508241,btc_qm_engine,btc_sha256_nonce,3715355383.0000000000
408350,13079720508315,btc_qm_engine,btc_leading_zeros,0.0000000000
408351,13079720508383,btc_qm_engine,btc_sha256_elapsed_ns,1018.0000000000
408352,13079720508812,btc_qm_engine,btc_sha256_nonce,1435726843.0000000000
408353,13079720508885,btc_qm_engine,btc_leading_zeros,0.0000000000
408354,13079720508951,btc_qm_engine,btc_sha256_elapsed_ns,1019.0000000000
408355,13079720509164,btc_qm_engine,btc_sha256_nonce,2132395582.0000000000
408356,13079720509246,btc_qm_engine,btc_leading_zeros,4.0000000000
408357,13079720509317,btc_qm_engine,btc_sha256_elapsed_ns,1031.0000000000
408358,13079720509426,btc_qm_engine,btc_sha256_nonce,2279043394.0000000000
408359,13079720509681,btc_qm_engine,btc_sha256_nonce,197171990.0000000000
408360,13079720509758,btc_qm_engine,btc_leading_zeros,2.0000000000
408361,13079720509897,btc_qm_engine,btc_leading_zeros,3.0000000000
408362,13079720509970,btc_qm_engine,btc_sha256_elapsed_ns,1061.0000000000
408363,13079720510277,btc_qm_engine,btc_leading_zeros,1.0000000000
408364,13079720510490,btc_qm_engine,btc_sha256_nonce,2987490665.0000000000
408365,13079720510706,btc_qm_engine,btc_leading_zeros,0.0000000000
408366,13079720511097,btc_qm_engine,btc_sha256_nonce,935271878.0000000000
408367,13079720511606,btc_qm_engine,btc_sha256_nonce,3199852222.0000000000
408368,13079720511883,btc_qm_engine,btc_leading_zeros,1.0000000000
408369,13079720511947,btc_qm_engine,btc_sha256_elapsed_ns,935.0000000000
408370,13079720512752,btc_qm_engine,btc_sha256_elapsed_ns,951.0000000000
408371,13079720513192,btc_qm_engine,btc_sha256_nonce,2973550534.0000000000
408372,13079720513470,btc_qm_engine,btc_leading_zeros,0.0000000000
408373,13079720513537,btc_qm_engine,btc_sha256_elapsed_ns,692.0000000000
408374,13079720513993,btc_qm_engine,btc_leading_zeros,2.0000000000
408375,13079720514302,btc_qm_engine,btc_sha256_elapsed_ns,1026.0000000000
408376,13079720514447,btc_qm_engine,btc_sha256_nonce,4098650968.0000000000
408377,13079720514522,btc_qm_engine,btc_leading_zeros,0.0000000000
408378,13079720514589,btc_qm_engine,btc_sha256_elapsed_ns,1031.0000000000
408379,13079720515092,btc_qm_engine,btc_sha256_nonce,3264435862.0000000000
408380,13079720515165,btc_qm_engine,btc_leading_zeros,1.0000000000
408381,13079720515231,btc_qm_engine,btc_sha256_elapsed_ns,1074.0000000000
408382,13079720515413,btc_qm_engine,btc_sha256_elapsed_ns,1039.0000000000
408383,13079720515588,btc_qm_engine,btc_sha256_nonce,2448836249.0000000000
408384,13079720515661,btc_qm_engine,btc_leading_zeros,3.0000000000
408385,13079720515736,btc_qm_engine,btc_sha256_elapsed_ns,1037.0000000000
408386,13079720516261,btc_qm_engine,btc_sha256_nonce,1342360645.0000000000
408387,13079720516441,btc_qm_engine,btc_sha256_nonce,923391312.0000000000
408388,13079720516519,btc_qm_engine,btc_leading_zeros,0.0000000000
408389,13079720516579,btc_qm_engine,btc_sha256_elapsed_ns,955.0000000000
408390,13079720516741,btc_qm_engine,btc_leading_zeros,0.0000000000
408391,13079720516912,btc_qm_engine,btc_sha256_nonce,197391062.0000000000
408392,13079720516984,btc_qm_engine,btc_leading_zeros,1.0000000000
408393,13079720517046,btc_qm_engine,btc_sha256_elapsed_ns,959.0000000000
408394,13079720517386,btc_qm_engine,btc_sha256_elapsed_ns,919.0000000000
408395,13079720517575,btc_qm_engine,btc_sha256_nonce,443598604.0000000000
408396,13079720517841,btc_qm_engine,btc_sha256_elapsed_ns,855.0000000000
408397,13079720518240,btc_qm_engine,btc_sha256_nonce,2466822080.0000000000
408398,13079720518336,btc_qm_engine,btc_leading_zeros,1.0000000000
408399,13079720518530,btc_qm_engine,btc_sha256_nonce,3511138604.0000000000
408400,13079720518681,btc_qm_engine,btc_leading_zeros,0.0000000000
408401,13079720518893,btc_qm_engine,btc_sha256_nonce,1555523714.0000000000
408402,13079720518970,btc_qm_engine,btc_leading_zeros,0.0000000000
408403,13079720519102,btc_qm_engine,btc_sha256_elapsed_ns,958.0000000000
408404,13079720519231,btc_qm_engine,btc_sha256_elapsed_ns,983.0000000000
408405,13079720519717,btc_qm_engine,btc_sha256_nonce,12225344.0000000000
408406,13079720519805,btc_qm_engine,btc_leading_zeros,0.0000000000
408407,13079720519872,btc_qm_engine,btc_sha256_elapsed_ns,1030.0000000000
408408,13079720520346,btc_qm_engine,btc_sha256_nonce,2928899806.0000000000
408409,13079720520433,btc_qm_engine,btc_leading_zeros,3.0000000000
408410,13079720520579,btc_qm_engine,btc_sha256_nonce,29648329.0000000000
408411,13079720520962,btc_qm_engine,btc_leading_zeros,1.0000000000
408412,13079720521018,btc_qm_engine,btc_sha256_elapsed_ns,697.0000000000
408413,13079720521163,btc_qm_engine,btc_sha256_nonce,13127830.0000000000
408414,13079720521241,btc_qm_engine,btc_leading_zeros,2.0000000000
408415,13079720521304,btc_qm_engine,btc_sha256_elapsed_ns,1004.0000000000
408416,13079720521523,btc_qm_engine,btc_sha256_elapsed_ns,1016.0000000000
408417,13079720521705,btc_qm_engine,btc_sha256_elapsed_ns,994.0000000000
408418,13079720522477,btc_qm_engine,btc_sha256_nonce,1110043196.0000000000
408419,13079720522559,btc_qm_engine,btc_leading_zeros,0.0000000000
408420,13079720522627,btc_qm_engine,btc_sha256_elapsed_ns,942.0000000000
408421,13079720522774,btc_qm_engine,btc_sha256_nonce,2054023356.0000000000
408422,13079720522852,btc_qm_engine,btc_leading_zeros,2.0000000000
408423,13079720522922,btc_qm_engine,btc_sha256_elapsed_ns,1026.0000000000
408424,13079720523023,btc_qm_engine,btc_sha256_nonce,328267580.0000000000
408425,13079720523094,btc_qm_engine,btc_leading_zeros,1.0000000000
408426,13079720523158,btc_qm_engine,btc_sha256_elapsed_ns,998.0000000000
408427,13079720523349,btc_qm_engine,btc_sha256_nonce,1942910583.0000000000
408428,13079720523649,btc_qm_engine,btc_leading_zeros,3.0000000000
408429,13079720523723,btc_qm_engine,btc_sha256_elapsed_ns,1030.0000000000
408430,13079720523902,btc_qm_engine,btc_sha256_nonce,12043171.0000000000
408431,13079720524260,btc_qm_engine,btc_leading_zeros,2.0000000000
408432,13079720524339,btc_qm_engine,btc_sha256_elapsed_ns,931.0000000000
408433,13079720524535,btc_qm_engine,btc_sha256_nonce,3841343073.0000000000
408434,13079720524906,btc_qm_engine,btc_leading_zeros,4.0000000000
408435,13079720525099,btc_qm_engine,btc_sha256_nonce,2129033749.0000000000
408436,13079720525332,btc_qm_engine,btc_leading_zeros,0.0000000000
408437,13079720525698,btc_qm_engine,btc_sha256_nonce,1254704381.0000000000
408438,13079720525797,btc_qm_engine,btc_leading_zeros,4.0000000000
408439,13079720525864,btc_qm_engine,btc_sha256_elapsed_ns,1092.0000000000
408440,13079720525938,btc_qm_engine,btc_leading_zeros,1.0000000000
408441,13079720526225,btc_qm_engine,btc_sha256_elapsed_ns,1007.0000000000
408442,13079720526351,btc_qm_engine,btc_sha256_elapsed_ns,1022.0000000000
408443,13079720527173,btc_qm_engine,btc_sha256_nonce,2574479526.0000000000
408444,13079720527242,btc_qm_engine,btc_leading_zeros,0.0000000000
408445,13079720527306,btc_qm_engine,btc_sha256_elapsed_ns,1078.0000000000
408446,13079720527431,btc_qm_engine,btc_sha256_nonce,945213897.0000000000
408447,13079720527510,btc_qm_engine,btc_leading_zeros,1.0000000000
408448,13079720527560,btc_qm_engine,btc_sha256_elapsed_ns,718.0000000000
408449,13079720527709,btc_qm_engine,btc_sha256_elapsed_ns,1008.0000000000
408450,13079720528012,btc_qm_engine,btc_sha256_nonce,3123073222.0000000000
408451,13079720528393,btc_qm_engine,btc_leading_zeros,0.0000000000
408452,13079720528456,btc_qm_engine,btc_sha256_elapsed_ns,982.0000000000
408453,13079720528597,btc_qm_engine,btc_sha256_nonce,2755027192.0000000000
408454,13079720528669,btc_qm_engine,btc_leading_zeros,4.0000000000
408455,13079720528725,btc_qm_engine,btc_sha256_elapsed_ns,1034.0000000000
408456,13079720529043,btc_qm_engine,btc_sha256_nonce,1124028196.0000000000
408457,13079720529392,btc_qm_engine,btc_leading_zeros,0.0000000000
408458,13079720529712,btc_qm_engine,btc_sha256_elapsed_ns,1055.0000000000
408459,13079720529954,btc_qm_engine,btc_sha256_nonce,2074053149.0000000000
408460,13079720530060,btc_qm_engine,btc_leading_zeros,4.0000000000
408461,13079720530152,btc_qm_engine,btc_sha256_elapsed_ns,996.0000000000
408462,13079720530279,btc_qm_engine,btc_sha256_nonce,2447988220.0000000000
408463,13079720530669,btc_qm_engine,btc_sha256_nonce,1462089909.0000000000
408464,13079720531108,btc_qm_engine,btc_sha256_nonce,4277017334.0000000000
408465,13079720531245,btc_qm_engine,btc_leading_zeros,2.0000000000
408466,13079720531333,btc_qm_engine,btc_sha256_elapsed_ns,1000.0000000000
408467,13079720531525,btc_qm_engine,btc_sha256_nonce,1436456379.0000000000
408468,13079720531634,btc_qm_engine,btc_leading_zeros,4.0000000000
408469,13079720531695,btc_qm_engine,btc_sha256_elapsed_ns,954.0000000000
408470,13079720531854,btc_qm_engine,btc_sha256_nonce,3070138157.0000000000
408471,13079720531933,btc_qm_engine,btc_leading_zeros,1.0000000000
408472,13079720531999,btc_qm_engine,btc_sha256_elapsed_ns,1003.0000000000
408473,13079720532630,btc_qm_engine,btc_sha256_nonce,3928467833.0000000000
408474,13079720532917,btc_qm_engine,btc_sha256_nonce,56289005.0000000000
408475,13079720533043,btc_qm_engine,btc_leading_zeros,0.0000000000
408476,13079720533114,btc_qm_engine,btc_sha256_elapsed_ns,1010.0000000000
408477,13079720533220,btc_qm_engine,btc_sha256_nonce,1237031809.0000000000
408478,13079720533376,btc_qm_engine,btc_leading_zeros,0.0000000000
408479,13079720533643,btc_qm_engine,btc_sha256_elapsed_ns,722.0000000000
408480,13079720533819,btc_qm_engine,btc_leading_zeros,4.0000000000
408481,13079720534114,btc_qm_engine,btc_sha256_elapsed_ns,988.0000000000
408482,13079720534389,btc_qm_engine,btc_sha256_nonce,1959666587.0000000000
408483,13079720534468,btc_qm_engine,btc_leading_zeros,4.0000000000
408484,13079720534589,btc_qm_engine,btc_sha256_nonce,3657015536.0000000000
408485,13079720534740,btc_qm_engine,btc_sha256_elapsed_ns,1035.0000000000
408486,13079720535204,btc_qm_engine,btc_leading_zeros,0.0000000000
408487,13079720535339,btc_qm_engine,btc_sha256_nonce,3580589359.0000000000
408488,13079720535418,btc_qm_engine,btc_leading_zeros,0.0000000000
408489,13079720535479,btc_qm_engine,btc_sha256_elapsed_ns,1000.0000000000
408490,13079720535620,btc_qm_engine,btc_sha256_elapsed_ns,701.0000000000
408491,13079720535942,btc_qm_engine,btc_leading_zeros,1.0000000000
408492,13079720536235,btc_qm_engine,btc_sha256_elapsed_ns,1022.0000000000
408493,13079720536478,btc_qm_engine,btc_sha256_nonce,959854190.0000000000
408494,13079720536548,btc_qm_engine,btc_leading_zeros,3.0000000000
408495,13079720536615,btc_qm_engine,btc_sha256_elapsed_ns,986.0000000000
408496,13079720536735,btc_qm_engine,btc_sha256_nonce,4018589525.0000000000
408497,13079720536807,btc_qm_engine,btc_leading_zeros,1.0000000000
408498,13079720536866,btc_qm_engine,btc_sha256_elapsed_ns,997.0000000000
408499,13079720537197,btc_qm_engine,btc_sha256_nonce,1436227723.0000000000
408500,13079720537273,btc_qm_engine,btc_leading_zeros,1.0000000000
408501,13079720537345,btc_qm_engine,btc_sha256_elapsed_ns,1031.0000000000
408502,13079720537511,btc_qm_engine,btc_sha256_nonce,197010541.0000000000
408503,13079720537586,btc_qm_engine,btc_leading_zeros,8.0000000000
408504,13079720537663,btc_qm_engine,btc_sha256_elapsed_ns,1032.0000000000
408505,13079720537930,btc_qm_engine,btc_sha256_nonce,2483036417.0000000000
408506,13079720538002,btc_qm_engine,btc_leading_zeros,0.0000000000
408507,13079720538059,btc_qm_engine,btc_sha256_elapsed_ns,1069.0000000000
408508,13079720538218,btc_qm_engine,btc_leading_zeros,1.0000000000
408509,13079720538610,btc_qm_engine,btc_sha256_nonce,3293744669.0000000000
408510,13079720538770,btc_qm_engine,btc_sha256_elapsed_ns,1056.0000000000
408511,13079720538978,btc_qm_engine,btc_sha256_nonce,197845444.0000000000
408512,13079720539150,btc_qm_engine,btc_sha256_nonce,3289651236.0000000000
408513,13079720539319,btc_qm_engine,btc_sha256_nonce,3681185089.0000000000
408514,13079720539545,btc_qm_engine,btc_leading_zeros,1.0000000000
408515,13079720539783,btc_qm_engine,btc_leading_zeros,0.0000000000
408516,13079720539912,btc_qm_engine,btc_leading_zeros,2.0000000000
408517,13079720540022,btc_qm_engine,btc_leading_zeros,0.0000000000
408518,13079720540191,btc_qm_engine,btc_sha256_elapsed_ns,1036.0000000000
408519,13079720540330,btc_qm_engine,btc_sha256_nonce,150835559.0000000000
408520,13079720540455,btc_qm_engine,btc_sha256_elapsed_ns,1026.0000000000
408521,13079720540690,btc_qm_engine,btc_leading_zeros,0.0000000000
408522,13079720540765,btc_qm_engine,btc_sha256_elapsed_ns,968.0000000000
408523,13079720541131,btc_qm_engine,btc_sha256_elapsed_ns,964.0000000000
408524,13079720541389,btc_qm_engine,btc_sha256_nonce,3116452889.0000000000
408525,13079720541465,btc_qm_engine,btc_leading_zeros,0.0000000000
408526,13079720541539,btc_qm_engine,btc_sha256_elapsed_ns,971.0000000000
408527,13079720541771,btc_qm_engine,btc_sha256_nonce,2925859174.0000000000
408528,13079720541842,btc_qm_engine,btc_leading_zeros,0.0000000000
408529,13079720541896,btc_qm_engine,btc_sha256_elapsed_ns,808.0000000000
408530,13079720542260,btc_qm_engine,btc_sha256_nonce,2601806984.0000000000
408531,13079720542336,btc_qm_engine,btc_leading_zeros,2.0000000000
408532,13079720542387,btc_qm_engine,btc_sha256_elapsed_ns,712.0000000000
408533,13079720542787,btc_qm_engine,btc_sha256_nonce,2733848912.0000000000
408534,13079720543003,btc_qm_engine,btc_sha256_nonce,829735233.0000000000
408535,13079720543395,btc_qm_engine,btc_leading_zeros,0.0000000000
408536,13079720543979,btc_qm_engine,btc_leading_zeros,2.0000000000
408537,13079720544267,btc_qm_engine,btc_sha256_nonce,948114529.0000000000
408538,13079720544346,btc_qm_engine,btc_leading_zeros,1.0000000000
408539,13079720544414,btc_qm_engine,btc_sha256_elapsed_ns,830.0000000000
408540,13079720544542,btc_qm_engine,btc_sha256_elapsed_ns,779.0000000000
408541,13079720545626,btc_qm_engine,btc_sha256_elapsed_ns,1048.0000000000
408542,13079720545976,btc_qm_engine,btc_sha256_nonce,3116632306.0000000000
408543,13079720546082,btc_qm_engine,btc_leading_zeros,2.0000000000
408544,13079720546154,btc_qm_engine,btc_sha256_nonce,2945099308.0000000000
408545,13079720546304,btc_qm_engine,btc_sha256_elapsed_ns,908.0000000000
408546,13079720546564,btc_qm_engine,btc_leading_zeros,0.0000000000
408547,13079720547022,btc_qm_engine,btc_sha256_elapsed_ns,996.0000000000
408548,13079720547139,btc_qm_engine,btc_sha256_elapsed_ns,1023.0000000000
408549,13079720547503,btc_qm_engine,btc_sha256_nonce,216633602.0000000000
408550,13079720547677,btc_qm_engine,btc_sha256_nonce,11472425.0000000000
408551,13079720547755,btc_qm_engine,btc_leading_zeros,0.0000000000
408552,13079720547823,btc_qm_engine,btc_sha256_elapsed_ns,892.0000000000
408553,13079720548322,btc_qm_engine,btc_leading_zeros,0.0000000000
408554,13079720548446,btc_qm_engine,btc_sha256_nonce,3186110132.0000000000
408555,13079720548513,btc_qm_engine,btc_leading_zeros,2.0000000000
408556,13079720548587,btc_qm_engine,btc_sha256_elapsed_ns,948.0000000000
408557,13079720548715,btc_qm_engine,btc_sha256_elapsed_ns,933.0000000000
408558,13079720548818,btc_qm_engine,btc_sha256_nonce,4127413008.0000000000
408559,13079720549003,btc_qm_engine,btc_sha256_nonce,1218692829.0000000000
408560,13079720549102,btc_qm_engine,btc_leading_zeros,1.0000000000
408561,13079720549171,btc_qm_engine,btc_sha256_elapsed_ns,1023.0000000000
408562,13079720549345,btc_qm_engine,btc_leading_zeros,0.0000000000
408563,13079720549723,btc_qm_engine,btc_sha256_elapsed_ns,874.0000000000
408564,13079720549897,btc_qm_engine,btc_sha256_nonce,1769746446.0000000000
408565,13079720550210,btc_qm_engine,btc_sha256_nonce,2524822199.0000000000
408566,13079720550388,btc_qm_engine,btc_sha256_nonce,2596362005.0000000000
408567,13079720550495,btc_qm_engine,btc_sha256_nonce,2212299301.0000000000
408568,13079720550696,btc_qm_engine,btc_leading_zeros,0.0000000000
408569,13079720551222,btc_qm_engine,btc_leading_zeros,2.0000000000
408570,13079720551340,btc_qm_engine,btc_sha256_nonce,3183436604.0000000000
408571,13079720551570,btc_qm_engine,btc_sha256_elapsed_ns,988.0000000000
408572,13079720551754,btc_qm_engine,btc_sha256_elapsed_ns,1012.0000000000
408573,13079720551860,btc_qm_engine,btc_leading_zeros,1.0000000000
408574,13079720551933,btc_qm_engine,btc_sha256_elapsed_ns,881.0000000000
408575,13079720552309,btc_qm_engine,btc_leading_zeros,0.0000000000
408576,13079720552428,btc_qm_engine,btc_sha256_elapsed_ns,1022.0000000000
408577,13079720552824,btc_qm_engine,btc_sha256_nonce,1070302554.0000000000
408578,13079720552902,btc_qm_engine,btc_leading_zeros,2.0000000000
408579,13079720552972,btc_qm_engine,btc_sha256_elapsed_ns,1015.0000000000
408580,13079720553170,btc_qm_engine,btc_sha256_nonce,2467130999.0000000000
408581,13079720553242,btc_qm_engine,btc_leading_zeros,0.0000000000
408582,13079720553424,btc_qm_engine,btc_sha256_elapsed_ns,1020.0000000000
408583,13079720553723,btc_qm_engine,btc_sha256_nonce,780455939.0000000000
408584,13079720553798,btc_qm_engine,btc_leading_zeros,0.0000000000
408585,13079720554181,btc_qm_engine,btc_sha256_nonce,2288225497.0000000000
408586,13079720554254,btc_qm_engine,btc_leading_zeros,0.0000000000
408587,13079720554389,btc_qm_engine,btc_sha256_elapsed_ns,1059.0000000000
408588,13079720554676,btc_qm_engine,btc_sha256_nonce,2386335386.0000000000
408589,13079720554884,btc_qm_engine,btc_sha256_elapsed_ns,956.0000000000
408590,13079720555152,btc_qm_engine,btc_leading_zeros,0.0000000000
408591,13079720555239,btc_qm_engine,btc_sha256_elapsed_ns,1004.0000000000
408592,13079720555390,btc_qm_engine,btc_leading_zeros,1.0000000000
408593,13079720555498,btc_qm_engine,btc_sha256_nonce,1365628625.0000000000
408594,13079720555573,btc_qm_engine,btc_leading_zeros,0.0000000000
408595,13079720555652,btc_qm_engine,btc_sha256_elapsed_ns,923.0000000000
408596,13079720555843,btc_qm_engine,btc_sha256_nonce,632043566.0000000000
408597,13079720555972,btc_qm_engine,btc_sha256_elapsed_ns,1051.0000000000
408598,13079720556230,btc_qm_engine,btc_leading_zeros,0.0000000000
408599,13079720556301,btc_qm_engine,btc_sha256_elapsed_ns,907.0000000000
408600,13079720556505,btc_qm_engine,btc_sha256_nonce,3436172517.0000000000
408601,13079720556900,btc_qm_engine,btc_leading_zeros,0.0000000000
408602,13079720557211,btc_qm_engine,btc_sha256_nonce,1862848121.0000000000
408603,13079720557442,btc_qm_engine,btc_sha256_elapsed_ns,977.0000000000
408604,13079720557783,btc_qm_engine,btc_leading_zeros,0.0000000000
408605,13079720557942,btc_qm_engine,btc_sha256_nonce,460537097.0000000000
408606,13079720558056,btc_qm_engine,btc_sha256_nonce,1903176507.0000000000
408607,13079720558314,btc_qm_engine,btc_leading_zeros,0.0000000000
408608,13079720558495,btc_qm_engine,btc_leading_zeros,0.0000000000
408609,13079720558873,btc_qm_engine,btc_sha256_elapsed_ns,979.0000000000
408610,13079720559039,btc_qm_engine,btc_sha256_elapsed_ns,931.0000000000
408611,13079720559447,btc_qm_engine,btc_sha256_elapsed_ns,876.0000000000
408612,13079720560344,btc_qm_engine,btc_sha256_nonce,3869141030.0000000000
408613,13079720560419,btc_qm_engine,btc_leading_zeros,3.0000000000
408614,13079720560484,btc_qm_engine,btc_sha256_elapsed_ns,933.0000000000
408615,13079720560631,btc_qm_engine,btc_sha256_nonce,947085724.0000000000
408616,13079720560710,btc_qm_engine,btc_leading_zeros,0.0000000000
408617,13079720560789,btc_qm_engine,btc_sha256_elapsed_ns,1043.0000000000
408618,13079720560909,btc_qm_engine,btc_sha256_nonce,2466904412.0000000000
408619,13079720561302,btc_qm_engine,btc_leading_zeros,1.0000000000
408620,13079720561402,btc_qm_engine,btc_sha256_elapsed_ns,1019.0000000000
408621,13079720561477,btc_qm_engine,btc_sha256_nonce,1372757672.0000000000
408622,13079720561760,btc_qm_engine,btc_leading_zeros,1.0000000000
408623,13079720561919,btc_qm_engine,btc_sha256_nonce,3906094028.0000000000
408624,13079720562385,btc_qm_engine,btc_sha256_elapsed_ns,1052.0000000000
408625,13079720562632,btc_qm_engine,btc_sha256_nonce,1730514381.0000000000
408626,13079720562942,btc_qm_engine,btc_sha256_nonce,4119524046.0000000000
408627,13079720563050,btc_qm_engine,btc_leading_zeros,0.0000000000
408628,13079720563418,btc_qm_engine,btc_sha256_nonce,3494995758.0000000000
408629,13079720563656,btc_qm_engine,btc_sha256_elapsed_ns,945.0000000000
408630,13079720563830,btc_qm_engine,btc_leading_zeros,0.0000000000
408631,13079720563969,btc_qm_engine,btc_sha256_nonce,1492191222.0000000000
408632,13079720564395,btc_qm_engine,btc_leading_zeros,0.0000000000
408633,13079720564471,btc_qm_engine,btc_sha256_elapsed_ns,1020.0000000000
408634,13079720564690,btc_qm_engine,btc_sha256_elapsed_ns,976.0000000000
408635,13079720565005,btc_qm_engine,btc_sha256_nonce,2829879869.0000000000
408636,13079720565294,btc_qm_engine,btc_leading_zeros,1.0000000000
408637,13079720565368,btc_qm_engine,btc_sha256_elapsed_ns,695.0000000000
408638,13079720565443,btc_qm_engine,btc_leading_zeros,0.0000000000
408639,13079720565513,btc_qm_engine,btc_sha256_elapsed_ns,1011.0000000000
408640,13079720566291,btc_qm_engine,btc_sha256_nonce,197920833.0000000000
408641,13079720566675,btc_qm_engine,btc_sha256_nonce,1730696145.0000000000
408642,13079720566765,btc_qm_engine,btc_sha256_nonce,2758737289.0000000000
408643,13079720566953,btc_qm_engine,btc_leading_zeros,1.0000000000
408644,13079720567030,btc_qm_engine,btc_sha256_elapsed_ns,923.0000000000
408645,13079720567182,btc_qm_engine,btc_leading_zeros,2.0000000000
408646,13079720567363,btc_qm_engine,btc_sha256_nonce,947244529.0000000000
408647,13079720567623,btc_qm_engine,btc_sha256_elapsed_ns,1001.0000000000
408648,13079720568176,btc_qm_engine,btc_leading_zeros,0.0000000000
408649,13079720568331,btc_qm_engine,btc_sha256_nonce,1069394647.0000000000
408650,13079720568553,btc_qm_engine,btc_sha256_elapsed_ns,1053.0000000000
408651,13079720568809,btc_qm_engine,btc_leading_zeros,0.0000000000
408652,13079720569236,btc_qm_engine,btc_leading_zeros,0.0000000000
408653,13079720569370,btc_qm_engine,btc_sha256_elapsed_ns,1073.0000000000
408654,13079720569553,btc_qm_engine,btc_sha256_nonce,1109669494.0000000000
408655,13079720569719,btc_qm_engine,btc_sha256_elapsed_ns,1035.0000000000
408656,13079720569881,btc_qm_engine,btc_leading_zeros,0.0000000000
408657,13079720570311,btc_qm_engine,btc_sha256_elapsed_ns,1004.0000000000
408658,13079720570400,btc_qm_engine,btc_leading_zeros,4.0000000000
408659,13079720570725,btc_qm_engine,btc_sha256_elapsed_ns,1060.0000000000
408660,13079720571620,btc_qm_engine,btc_sha256_nonce,552417738.0000000000
408661,13079720571694,btc_qm_engine,btc_leading_zeros,2.0000000000
408662,13079720571768,btc_qm_engine,btc_sha256_elapsed_ns,1049.0000000000
408663,13079720571982,btc_qm_engine,btc_sha256_nonce,935471965.0000000000
408664,13079720572060,btc_qm_engine,btc_leading_zeros,1.0000000000
408665,13079720572112,btc_qm_engine,btc_sha256_elapsed_ns,1020.0000000000
408666,13079720572790,btc_qm_engine,btc_sha256_nonce,197411351.0000000000
408667,13079720572933,btc_qm_engine,btc_leading_zeros,0.0000000000
408668,13079720573263,btc_qm_engine,btc_sha256_elapsed_ns,768.0000000000
408669,13079720573388,btc_qm_engine,btc_sha256_nonce,750713014.0000000000
408670,13079720573713,btc_qm_engine,btc_leading_zeros,0.0000000000
408671,13079720573818,btc_qm_engine,btc_sha256_nonce,2639404859.0000000000
408672,13079720574123,btc_qm_engine,btc_sha256_nonce,727716632.0000000000
408673,13079720574386,btc_qm_engine,btc_sha256_nonce,1365504497.0000000000
408674,13079720574812,btc_qm_engine,btc_leading_zeros,0.0000000000
408675,13079720575242,btc_qm_engine,btc_leading_zeros,3.0000000000
408676,13079720575462,btc_qm_engine,btc_sha256_elapsed_ns,991.0000000000
408677,13079720575644,btc_qm_engine,btc_sha256_elapsed_ns,695.0000000000
408678,13079720576344,btc_qm_engine,btc_leading_zeros,1.0000000000
408679,13079720576457,btc_qm_engine,btc_sha256_elapsed_ns,939.0000000000
408680,13079720576746,btc_qm_engine,btc_sha256_nonce,4193579014.0000000000
408681,13079720576934,btc_qm_engine,btc_leading_zeros,0.0000000000
408682,13079720577311,btc_qm_engine,btc_sha256_nonce,1293336750.0000000000
408683,13079720577684,btc_qm_engine,btc_sha256_elapsed_ns,693.0000000000
408684,13079720577826,btc_qm_engine,btc_sha256_nonce,836092052.0000000000
408685,13079720577892,btc_qm_engine,btc_leading_zeros,0.0000000000
408686,13079720577956,btc_qm_engine,btc_sha256_elapsed_ns,1066.0000000000
408687,13079720578133,btc_qm_engine,btc_leading_zeros,2.0000000000
408688,13079720578450,btc_qm_engine,btc_sha256_elapsed_ns,1017.0000000000
408689,13079720578800,btc_qm_engine,btc_sha256_nonce,1864298070.0000000000
408690,13079720578867,btc_qm_engine,btc_leading_zeros,1.0000000000
408691,13079720578929,btc_qm_engine,btc_sha256_elapsed_ns,694.0000000000
408692,13079720579078,btc_qm_engine,btc_sha256_elapsed_ns,1059.0000000000
408693,13079720579156,btc_qm_engine,btc_sha256_nonce,3826259657.0000000000
408694,13079720579221,btc_qm_engine,btc_leading_zeros,0.0000000000
408695,13079720579286,btc_qm_engine,btc_sha256_elapsed_ns,990.0000000000
408696,13079720579689,btc_qm_engine,btc_sha256_nonce,2737415010.0000000000
408697,13079720579770,btc_qm_engine,btc_leading_zeros,0.0000000000
408698,13079720580222,btc_qm_engine,btc_sha256_nonce,1707910.0000000000
408699,13079720580391,btc_qm_engine,btc_sha256_elapsed_ns,1009.0000000000
408700,13079720580546,btc_qm_engine,btc_leading_zeros,1.0000000000
408701,13079720580732,btc_qm_engine,btc_sha256_nonce,947545591.0000000000
408702,13079720580805,btc_qm_engine,btc_leading_zeros,0.0000000000
408703,13079720580874,btc_qm_engine,btc_sha256_elapsed_ns,1041.0000000000
408704,13079720580977,btc_qm_engine,btc_sha256_nonce,2467664062.0000000000
408705,13079720581427,btc_qm_engine,btc_sha256_elapsed_ns,693.0000000000
408706,13079720581543,btc_qm_engine,btc_leading_zeros,0.0000000000
408707,13079720581615,btc_qm_engine,btc_sha256_elapsed_ns,1053.0000000000
408708,13079720581900,btc_qm_engine,btc_sha256_nonce,11596623.0000000000
408709,13079720581967,btc_qm_engine,btc_leading_zeros,0.0000000000
408710,13079720582126,btc_qm_engine,btc_sha256_nonce,1993285645.0000000000
408711,13079720582481,btc_qm_engine,btc_leading_zeros,0.0000000000
408712,13079720582628,btc_qm_engine,btc_sha256_elapsed_ns,1016.0000000000
408713,13079720583054,btc_qm_engine,btc_sha256_nonce,198143301.0000000000
408714,13079720583783,btc_qm_engine,btc_sha256_nonce,2467131314.0000000000
408715,13079720583962,btc_qm_engine,btc_leading_zeros,0.0000000000
408716,13079720584027,btc_qm_engine,btc_sha256_elapsed_ns,694.0000000000
408717,13079720584248,btc_qm_engine,btc_leading_zeros,0.0000000000
408718,13079720584326,btc_qm_engine,btc_sha256_elapsed_ns,910.0000000000
408719,13079720584935,btc_qm_engine,btc_sha256_nonce,198204643.0000000000
408720,13079720584998,btc_qm_engine,btc_leading_zeros,1.0000000000
408721,13079720585064,btc_qm_engine,btc_sha256_elapsed_ns,696.0000000000
408722,13079720585541,btc_qm_engine,btc_sha256_nonce,3041321707.0000000000
408723,13079720585615,btc_qm_engine,btc_leading_zeros,4.0000000000
408724,13079720585670,btc_qm_engine,btc_sha256_elapsed_ns,968.0000000000
408725,13079720585946,btc_qm_engine,btc_sha256_nonce,4131252790.0000000000
408726,13079720586012,btc_qm_engine,btc_leading_zeros,4.0000000000
408727,13079720586061,btc_qm_engine,btc_sha256_elapsed_ns,692.0000000000
408728,13079720586453,btc_qm_engine,btc_sha256_nonce,2221697273.0000000000
408729,13079720586537,btc_qm_engine,btc_leading_zeros,0.0000000000
408730,13079720586603,btc_qm_engine,btc_sha256_elapsed_ns,939.0000000000
408731,13079720587015,btc_qm_engine,btc_sha256_nonce,3907986693.0000000000
408732,13079720587313,btc_qm_engine,btc_sha256_nonce,1357174618.0000000000
408733,13079720587423,btc_qm_engine,btc_leading_zeros,0.0000000000
408734,13079720587509,btc_qm_engine,btc_sha256_elapsed_ns,1065.0000000000
408735,13079720587651,btc_qm_engine,btc_leading_zeros,0.0000000000
408736,13079720587814,btc_qm_engine,btc_sha256_nonce,11997611.0000000000
408737,13079720588012,btc_qm_engine,btc_sha256_elapsed_ns,696.0000000000
408738,13079720588293,btc_qm_engine,btc_sha256_elapsed_ns,969.0000000000
408739,13079720588426,btc_qm_engine,btc_leading_zeros,0.0000000000
408740,13079720588494,btc_qm_engine,btc_sha256_elapsed_ns,977.0000000000
408741,13079720588767,btc_qm_engine,btc_sha256_nonce,1644227579.0000000000
408742,13079720588847,btc_qm_engine,btc_leading_zeros,1.0000000000
408743,13079720588916,btc_qm_engine,btc_sha256_elapsed_ns,968.0000000000
408744,13079720589177,btc_qm_engine,btc_sha256_nonce,3607753316.0000000000
408745,13079720589244,btc_qm_engine,btc_leading_zeros,1.0000000000
408746,13079720589298,btc_qm_engine,btc_sha256_elapsed_ns,695.0000000000
408747,13079720589674,btc_qm_engine,btc_sha256_nonce,3111726191.0000000000
408748,13079720589753,btc_qm_engine,btc_leading_zeros,0.0000000000
408749,13079720589814,btc_qm_engine,btc_sha256_elapsed_ns,937.0000000000
408750,13079720589962,btc_qm_engine,btc_sha256_nonce,4038990967.0000000000
408751,13079720590039,btc_qm_engine,btc_leading_zeros,0.0000000000
408752,13079720590100,btc_qm_engine,btc_sha256_elapsed_ns,1037.0000000000
408753,13079720590206,btc_qm_engine,btc_sha256_nonce,4212717425.0000000000
408754,13079720590274,btc_qm_engine,btc_leading_zeros,0.0000000000
408755,13079720590337,btc_qm_engine,btc_sha256_elapsed_ns,694.0000000000
408756,13079720590509,btc_qm_engine,btc_sha256_nonce,314801413.0000000000
408757,13079720590818,btc_qm_engine,btc_leading_zeros,3.0000000000
408758,13079720590893,btc_qm_engine,btc_sha256_elapsed_ns,1022.0000000000
408759,13079720591062,btc_qm_engine,btc_sha256_nonce,2456092284.0000000000
408760,13079720591141,btc_qm_engine,btc_leading_zeros,0.0000000000
408761,13079720591208,btc_qm_engine,btc_sha256_elapsed_ns,1015.0000000000
408762,13079720591329,btc_qm_engine,btc_sha256_nonce,2446420842.0000000000
408763,13079720591396,btc_qm_engine,btc_leading_zeros,1.0000000000
408764,13079720591444,btc_qm_engine,btc_sha256_elapsed_ns,704.0000000000
408765,13079720591756,btc_qm_engine,btc_sha256_nonce,2820837236.0000000000
408766,13079720591830,btc_qm_engine,btc_leading_zeros,3.0000000000
408767,13079720591902,btc_qm_engine,btc_sha256_elapsed_ns,1077.0000000000
408768,13079720592111,btc_qm_engine,btc_sha256_nonce,3686505290.0000000000
408769,13079720592182,btc_qm_engine,btc_leading_zeros,0.0000000000
408770,13079720592250,btc_qm_engine,btc_sha256_elapsed_ns,1019.0000000000
408771,13079720592378,btc_qm_engine,btc_sha256_nonce,505767578.0000000000
408772,13079720592478,btc_qm_engine,btc_sha256_nonce,3527764177.0000000000
408773,13079720592934,btc_qm_engine,btc_leading_zeros,3.0000000000
408774,13079720593070,btc_qm_engine,btc_leading_zeros,0.0000000000
408775,13079720593161,btc_qm_engine,btc_sha256_elapsed_ns,987.0000000000
408776,13079720593358,btc_qm_engine,btc_sha256_nonce,472308420.0000000000
408777,13079720593619,btc_qm_engine,btc_sha256_elapsed_ns,707.0000000000
408778,13079720593748,btc_qm_engine,btc_leading_zeros,2.0000000000
408779,13079720593827,btc_qm_engine,btc_sha256_elapsed_ns,1068.0000000000
408780,13079720594458,btc_qm_engine,btc_sha256_nonce,4107937196.0000000000
408781,13079720594527,btc_qm_engine,btc_leading_zeros,0.0000000000
408782,13079720594587,btc_qm_engine,btc_sha256_elapsed_ns,984.0000000000
408783,13079720595102,btc_qm_engine,btc_sha256_nonce,1989361533.0000000000
408784,13079720595183,btc_qm_engine,btc_leading_zeros,4.0000000000
408785,13079720595269,btc_qm_engine,btc_sha256_elapsed_ns,1059.0000000000
408786,13079720595829,btc_qm_engine,btc_sha256_nonce,51028434.0000000000
408787,13079720595917,btc_qm_engine,btc_leading_zeros,1.0000000000
408788,13079720595982,btc_qm_engine,btc_sha256_elapsed_ns,1010.0000000000
408789,13079720596456,btc_qm_engine,btc_sha256_nonce,947737147.0000000000
408790,13079720596538,btc_qm_engine,btc_leading_zeros,0.0000000000
408791,13079720596605,btc_qm_engine,btc_sha256_elapsed_ns,961.0000000000
408792,13079720597019,btc_qm_engine,btc_sha256_nonce,197635600.0000000000
408793,13079720597080,btc_qm_engine,btc_leading_zeros,4.0000000000
408794,13079720597127,btc_qm_engine,btc_sha256_elapsed_ns,706.0000000000
408795,13079720597251,btc_qm_engine,btc_sha256_nonce,541842769.0000000000
408796,13079720597332,btc_qm_engine,btc_leading_zeros,1.0000000000
408797,13079720597396,btc_qm_engine,btc_sha256_elapsed_ns,956.0000000000
408798,13079720597917,btc_qm_engine,btc_sha256_nonce,1096587624.0000000000
408799,13079720597989,btc_qm_engine,btc_leading_zeros,0.0000000000
408800,13079720598062,btc_qm_engine,btc_sha256_elapsed_ns,1070.0000000000
408801,13079720598209,btc_qm_engine,btc_sha256_nonce,3360551684.0000000000
408802,13079720598538,btc_qm_engine,btc_sha256_nonce,1042659073.0000000000
408803,13079720598729,btc_qm_engine,btc_sha256_nonce,3263099926.0000000000
408804,13079720599187,btc_qm_engine,btc_sha256_nonce,1109552686.0000000000
408805,13079720599366,btc_qm_engine,btc_leading_zeros,2.0000000000
408806,13079720599660,btc_qm_engine,btc_leading_zeros,0.0000000000
408807,13079720599813,btc_qm_engine,btc_sha256_elapsed_ns,996.0000000000
408808,13079720599982,btc_qm_engine,btc_sha256_elapsed_ns,865.0000000000
408809,13079720600927,btc_qm_engine,btc_sha256_nonce,947931488.0000000000
408810,13079720600984,btc_qm_engine,btc_leading_zeros,0.0000000000
408811,13079720601057,btc_qm_engine,btc_sha256_elapsed_ns,779.0000000000
408812,13079720601322,btc_qm_engine,btc_sha256_nonce,3722797158.0000000000
408813,13079720601405,btc_qm_engine,btc_leading_zeros,1.0000000000
408814,13079720601912,btc_qm_engine,btc_leading_zeros,1.0000000000
408815,13079720602045,btc_qm_engine,btc_sha256_elapsed_ns,1012.0000000000
408816,13079720602370,btc_qm_engine,btc_sha256_elapsed_ns,970.0000000000
408817,13079720602466,btc_qm_engine,btc_sha256_nonce,3627032393.0000000000
408818,13079720602760,btc_qm_engine,btc_leading_zeros,1.0000000000
408819,13079720602832,btc_qm_engine,btc_sha256_elapsed_ns,947.0000000000
408820,13079720603175,btc_qm_engine,btc_leading_zeros,0.0000000000
408821,13079720603669,btc_qm_engine,btc_sha256_nonce,1026941911.0000000000
408822,13079720603852,btc_qm_engine,btc_sha256_elapsed_ns,771.0000000000
408823,13079720604109,btc_qm_engine,btc_sha256_nonce,607855085.0000000000
408824,13079720604241,btc_qm_engine,btc_sha256_nonce,2644833856.0000000000
408825,13079720604475,btc_qm_engine,btc_leading_zeros,0.0000000000
408826,13079720604619,btc_qm_engine,btc_leading_zeros,2.0000000000
408827,13079720604821,btc_qm_engine,btc_sha256_elapsed_ns,1069.0000000000
408828,13079720605050,btc_qm_engine,btc_leading_zeros,0.0000000000
408829,13079720605174,btc_qm_engine,btc_sha256_nonce,209132337.0000000000
408830,13079720605294,btc_qm_engine,btc_sha256_elapsed_ns,977.0000000000
408831,13079720605466,btc_qm_engine,btc_sha256_elapsed_ns,1011.0000000000
408832,13079720605753,btc_qm_engine,btc_leading_zeros,2.0000000000
408833,13079720605964,btc_qm_engine,btc_sha256_elapsed_ns,575.0000000000
408834,13079720606084,btc_qm_engine,btc_sha256_nonce,3230741227.0000000000
408835,13079720606156,btc_qm_engine,btc_leading_zeros,0.0000000000
408836,13079720606220,btc_qm_engine,btc_sha256_elapsed_ns,974.0000000000
408837,13079720606539,btc_qm_engine,btc_sha256_nonce,1455825139.0000000000
408838,13079720606613,btc_qm_engine,btc_leading_zeros,2.0000000000
408839,13079720606681,btc_qm_engine,btc_sha256_elapsed_ns,995.0000000000
408840,13079720606859,btc_qm_engine,btc_sha256_nonce,1613572789.0000000000
408841,13079720607018,btc_qm_engine,btc_sha256_nonce,2289877623.0000000000
408842,13079720607088,btc_qm_engine,btc_leading_zeros,0.0000000000
408843,13079720607288,btc_qm_engine,btc_sha256_elapsed_ns,1024.0000000000
408844,13079720607401,btc_qm_engine,btc_sha256_nonce,795976282.0000000000
408845,13079720607489,btc_qm_engine,btc_leading_zeros,0.0000000000
408846,13079720607801,btc_qm_engine,btc_leading_zeros,4.0000000000
408847,13079720607935,btc_qm_engine,btc_sha256_elapsed_ns,988.0000000000
408848,13079720608100,btc_qm_engine,btc_sha256_elapsed_ns,568.0000000000
408849,13079720608379,btc_qm_engine,btc_sha256_nonce,11665858.0000000000
408850,13079720608698,btc_qm_engine,btc_leading_zeros,2.0000000000
408851,13079720608829,btc_qm_engine,btc_sha256_elapsed_ns,937.0000000000
408852,13079720608986,btc_qm_engine,btc_sha256_nonce,3246094171.0000000000
408853,13079720609314,btc_qm_engine,btc_sha256_nonce,2634367615.0000000000
408854,13079720609475,btc_qm_engine,btc_sha256_nonce,2468106078.0000000000
408855,13079720609629,btc_qm_engine,btc_leading_zeros,0.0000000000
408856,13079720609707,btc_qm_engine,btc_sha256_elapsed_ns,1041.0000000000
408857,13079720609826,btc_qm_engine,btc_leading_zeros,1.0000000000
408858,13079720609891,btc_qm_engine,btc_sha256_elapsed_ns,933.0000000000
408859,13079720610005,btc_qm_engine,btc_leading_zeros,3.0000000000
408860,13079720610219,btc_qm_engine,btc_sha256_elapsed_ns,567.0000000000
408861,13079720610615,btc_qm_engine,btc_sha256_nonce,3515457805.0000000000
408862,13079720610689,btc_qm_engine,btc_leading_zeros,2.0000000000
408863,13079720610757,btc_qm_engine,btc_sha256_elapsed_ns,1062.0000000000
408864,13079720610984,btc_qm_engine,btc_sha256_nonce,3938189403.0000000000
408865,13079720611049,btc_qm_engine,btc_leading_zeros,3.0000000000
408866,13079720611093,btc_qm_engine,btc_sha256_elapsed_ns,570.0000000000
408867,13079720611211,btc_qm_engine,btc_sha256_nonce,2899721450.0000000000
408868,13079720611586,btc_qm_engine,btc_sha256_nonce,1874081173.0000000000
408869,13079720611856,btc_qm_engine,btc_sha256_nonce,1809211462.0000000000
408870,13079720611921,btc_qm_engine,btc_leading_zeros,0.0000000000
408871,13079720612082,btc_qm_engine,btc_leading_zeros,0.0000000000
408872,13079720612586,btc_qm_engine,btc_leading_zeros,0.0000000000
408873,13079720612746,btc_qm_engine,btc_sha256_elapsed_ns,566.0000000000
408874,13079720612978,btc_qm_engine,btc_sha256_nonce,1811548269.0000000000
408875,13079720613154,btc_qm_engine,btc_sha256_elapsed_ns,1046.0000000000
408876,13079720613390,btc_qm_engine,btc_leading_zeros,0.0000000000
408877,13079720613467,btc_qm_engine,btc_sha256_elapsed_ns,1087.0000000000
408878,13079720613545,btc_qm_engine,btc_sha256_elapsed_ns,1029.0000000000
408879,13079720613676,btc_qm_engine,btc_sha256_nonce,3215173308.0000000000
408880,13079720613746,btc_qm_engine,btc_leading_zeros,0.0000000000
408881,13079720613791,btc_qm_engine,btc_sha256_elapsed_ns,568.0000000000
408882,13079720614525,btc_qm_engine,btc_sha256_nonce,466047788.0000000000
408883,13079720614572,btc_qm_engine,btc_leading_zeros,0.0000000000
408884,13079720614618,btc_qm_engine,btc_sha256_elapsed_ns,562.0000000000
408885,13079720614798,btc_qm_engine,btc_sha256_nonce,2468099820.0000000000
408886,13079720615081,btc_qm_engine,btc_sha256_nonce,947501353.0000000000
408887,13079720615185,btc_qm_engine,btc_leading_zeros,8.0000000000
408888,13079720615415,btc_qm_engine,btc_sha256_nonce,633986855.0000000000
408889,13079720615512,btc_qm_engine,btc_leading_zeros,0.0000000000
408890,13079720615569,btc_qm_engine,btc_sha256_elapsed_ns,563.0000000000
408891,13079720615661,btc_qm_engine,btc_leading_zeros,0.0000000000
408892,13079720615774,btc_qm_engine,btc_sha256_elapsed_ns,993.0000000000
408893,13079720616008,btc_qm_engine,btc_sha256_elapsed_ns,1032.0000000000
408894,13079720616091,btc_qm_engine,btc_sha256_nonce,2522192115.0000000000
408895,13079720616321,btc_qm_engine,btc_sha256_nonce,1577211347.0000000000
408896,13079720616452,btc_qm_engine,btc_leading_zeros,1.0000000000
408897,13079720616719,btc_qm_engine,btc_sha256_elapsed_ns,567.0000000000
408898,13079720616855,btc_qm_engine,btc_leading_zeros,0.0000000000
408899,13079720617061,btc_qm_engine,btc_sha256_nonce,1773943976.0000000000
408900,13079720617136,btc_qm_engine,btc_leading_zeros,2.0000000000
408901,13079720617491,btc_qm_engine,btc_sha256_nonce,2254367027.0000000000
408902,13079720617570,btc_qm_engine,btc_leading_zeros,2.0000000000
408903,13079720617615,btc_qm_engine,btc_sha256_elapsed_ns,567.0000000000
408904,13079720617770,btc_qm_engine,btc_sha256_elapsed_ns,1036.0000000000
408905,13079720618014,btc_qm_engine,btc_sha256_elapsed_ns,964.0000000000
408906,13079720618263,btc_qm_engine,btc_sha256_nonce,313355149.0000000000
408907,13079720618652,btc_qm_engine,btc_leading_zeros,1.0000000000
408908,13079720618960,btc_qm_engine,btc_sha256_nonce,2532526225.0000000000
408909,13079720619061,btc_qm_engine,btc_sha256_elapsed_ns,1019.0000000000
408910,13079720619248,btc_qm_engine,btc_sha256_nonce,947006861.0000000000
408911,13079720619526,btc_qm_engine,btc_leading_zeros,4.0000000000
408912,13079720619676,btc_qm_engine,btc_sha256_nonce,4050707804.0000000000
408913,13079720619811,btc_qm_engine,btc_sha256_elapsed_ns,572.0000000000
408914,13079720620061,btc_qm_engine,btc_leading_zeros,1.0000000000
408915,13079720620139,btc_qm_engine,btc_sha256_elapsed_ns,1027.0000000000
408916,13079720620207,btc_qm_engine,btc_leading_zeros,0.0000000000
408917,13079720620510,btc_qm_engine,btc_sha256_elapsed_ns,990.0000000000
408918,13079720620673,btc_qm_engine,btc_sha256_nonce,197594457.0000000000
408919,13079720620904,btc_qm_engine,btc_sha256_nonce,2466876919.0000000000
408920,13079720621071,btc_qm_engine,btc_leading_zeros,1.0000000000
408921,13079720621133,btc_qm_engine,btc_sha256_elapsed_ns,572.0000000000
408922,13079720621261,btc_qm_engine,btc_leading_zeros,0.0000000000
408923,13079720621328,btc_qm_engine,btc_sha256_elapsed_ns,973.0000000000
408924,13079720621788,btc_qm_engine,btc_sha256_nonce,3323113393.0000000000
408925,13079720621918,btc_qm_engine,btc_sha256_nonce,1200966778.0000000000
408926,13079720621981,btc_qm_engine,btc_leading_zeros,0.0000000000
408927,13079720622027,btc_qm_engine,btc_sha256_elapsed_ns,569.0000000000
408928,13079720622116,btc_qm_engine,btc_sha256_nonce,928373731.0000000000
408929,13079720622505,btc_qm_engine,btc_leading_zeros,0.0000000000
408930,13079720622578,btc_qm_engine,btc_leading_zeros,2.0000000000
408931,13079720622762,btc_qm_engine,btc_sha256_nonce,835085458.0000000000
408932,13079720622924,btc_qm_engine,btc_sha256_nonce,2799556007.0000000000
408933,13079720623132,btc_qm_engine,btc_sha256_elapsed_ns,1003.0000000000
408934,13079720624794,btc_qm_engine,btc_leading_zeros,0.0000000000
408935,13079720624907,btc_qm_engine,btc_sha256_elapsed_ns,930.0000000000
408936,13079720626067,btc_qm_engine,btc_sha256_nonce,1118966691.0000000000
408937,13079720626159,btc_qm_engine,btc_leading_zeros,0.0000000000
408938,13079720626588,btc_qm_engine,btc_sha256_elapsed_ns,905.0000000000
408939,13079720626794,btc_qm_engine,btc_sha256_nonce,2619082499.0000000000
408940,13079720627079,btc_qm_engine,btc_leading_zeros,1.0000000000
408941,13079720627139,btc_qm_engine,btc_sha256_elapsed_ns,1061.0000000000
408942,13079720627551,btc_qm_engine,btc_sha256_elapsed_ns,1013.0000000000
408943,13079720627735,btc_qm_engine,btc_sha256_nonce,1299198394.0000000000
408944,13079720627807,btc_qm_engine,btc_leading_zeros,0.0000000000
408945,13079720627871,btc_qm_engine,btc_sha256_elapsed_ns,918.0000000000
408946,13079720628134,btc_qm_engine,btc_leading_zeros,1.0000000000
408947,13079720628511,btc_qm_engine,btc_sha256_elapsed_ns,567.0000000000
408948,13079720628664,btc_qm_engine,btc_sha256_nonce,890729394.0000000000
408949,13079720628748,btc_qm_engine,btc_leading_zeros,0.0000000000
408950,13079720628816,btc_qm_engine,btc_sha256_elapsed_ns,1041.0000000000
408951,13079720628954,btc_qm_engine,btc_sha256_nonce,942919399.0000000000
408952,13079720629027,btc_qm_engine,btc_leading_zeros,0.0000000000
408953,13079720629176,btc_qm_engine,btc_sha256_nonce,222002757.0000000000
408954,13079720629518,btc_qm_engine,btc_leading_zeros,0.0000000000
408955,13079720629643,btc_qm_engine,btc_sha256_elapsed_ns,1023.0000000000
408956,13079720629788,btc_qm_engine,btc_sha256_nonce,1584851714.0000000000
408957,13079720629857,btc_qm_engine,btc_leading_zeros,1.0000000000
408958,13079720629927,btc_qm_engine,btc_sha256_elapsed_ns,974.0000000000
408959,13079720630000,btc_qm_engine,btc_sha256_elapsed_ns,866.0000000000
408960,13079720631174,btc_qm_engine,btc_sha256_nonce,197000380.0000000000
408961,13079720631407,btc_qm_engine,btc_sha256_nonce,658698186.0000000000
408962,13079720631565,btc_qm_engine,btc_sha256_nonce,3441799131.0000000000
408963,13079720631642,btc_qm_engine,btc_leading_zeros,0.0000000000
408964,13079720631790,btc_qm_engine,btc_leading_zeros,0.0000000000
408965,13079720632300,btc_qm_engine,btc_leading_zeros,0.0000000000
408966,13079720632439,btc_qm_engine,btc_sha256_elapsed_ns,1025.0000000000
408967,13079720632640,btc_qm_engine,btc_sha256_elapsed_ns,1028.0000000000
408968,13079720632881,btc_qm_engine,btc_sha256_elapsed_ns,1078.0000000000
408969,13079720633697,btc_qm_engine,btc_sha256_nonce,280138852.0000000000
408970,13079720633780,btc_qm_engine,btc_leading_zeros,2.0000000000
408971,13079720633828,btc_qm_engine,btc_sha256_elapsed_ns,720.0000000000
408972,13079720633983,btc_qm_engine,btc_sha256_nonce,3974500671.0000000000
408973,13079720634055,btc_qm_engine,btc_leading_zeros,4.0000000000
408974,13079720634120,btc_qm_engine,btc_sha256_elapsed_ns,1023.0000000000
408975,13079720634391,btc_qm_engine,btc_sha256_nonce,2690788768.0000000000
408976,13079720634740,btc_qm_engine,btc_sha256_nonce,1252900764.0000000000
408977,13079720634812,btc_qm_engine,btc_leading_zeros,0.0000000000
408978,13079720634973,btc_qm_engine,btc_leading_zeros,1.0000000000
408979,13079720635300,btc_qm_engine,btc_sha256_nonce,2581984282.0000000000
408980,13079720635509,btc_qm_engine,btc_sha256_nonce,50538872.0000000000
408981,13079720635769,btc_qm_engine,btc_leading_zeros,2.0000000000
408982,13079720635813,btc_qm_engine,btc_sha256_elapsed_ns,920.0000000000
408983,13079720635903,btc_qm_engine,btc_leading_zeros,0.0000000000
408984,13079720635971,btc_qm_engine,btc_sha256_elapsed_ns,949.0000000000
408985,13079720636562,btc_qm_engine,btc_sha256_nonce,197506100.0000000000
408986,13079720636622,btc_qm_engine,btc_leading_zeros,0.0000000000
408987,13079720636686,btc_qm_engine,btc_sha256_elapsed_ns,567.0000000000
408988,13079720637141,btc_qm_engine,btc_sha256_nonce,154664192.0000000000
408989,13079720637298,btc_qm_engine,btc_sha256_elapsed_ns,1005.0000000000
408990,13079720637515,btc_qm_engine,btc_sha256_nonce,1263100476.0000000000
408991,13079720637738,btc_qm_engine,btc_leading_zeros,0.0000000000
408992,13079720637872,btc_qm_engine,btc_leading_zeros,0.0000000000
408993,13079720637934,btc_qm_engine,btc_sha256_elapsed_ns,560.0000000000
408994,13079720638099,btc_qm_engine,btc_sha256_elapsed_ns,902.0000000000
408995,13079720638700,btc_qm_engine,btc_sha256_nonce,2232049671.0000000000
408996,13079720638763,btc_qm_engine,btc_leading_zeros,2.0000000000
408997,13079720638823,btc_qm_engine,btc_sha256_elapsed_ns,561.0000000000
408998,13079720639033,btc_qm_engine,btc_sha256_nonce,486754360.0000000000
408999,13079720639107,btc_qm_engine,btc_leading_zeros,0.0000000000
409000,13079720639222,btc_qm_engine,btc_sha256_elapsed_ns,704.0000000000
409001,13079720639536,btc_qm_engine,btc_sha256_nonce,1830558189.0000000000
409002,13079720639599,btc_qm_engine,btc_leading_zeros,1.0000000000
409003,13079720639776,btc_qm_engine,btc_sha256_elapsed_ns,1036.0000000000
409004,13079720640053,btc_qm_engine,btc_sha256_nonce,252120000.0000000000
409005,13079720640175,btc_qm_engine,btc_sha256_elapsed_ns,560.0000000000
409006,13079720640370,btc_qm_engine,btc_leading_zeros,0.0000000000
409007,13079720640435,btc_qm_engine,btc_sha256_elapsed_ns,893.0000000000
409008,13079720640719,btc_qm_engine,btc_sha256_nonce,3945586212.0000000000
409009,13079720640778,btc_qm_engine,btc_leading_zeros,1.0000000000
409010,13079720640825,btc_qm_engine,btc_sha256_elapsed_ns,711.0000000000
409011,13079720640928,btc_qm_engine,btc_sha256_nonce,1957633771.0000000000
409012,13079720640991,btc_qm_engine,btc_leading_zeros,0.0000000000
409013,13079720641053,btc_qm_engine,btc_sha256_elapsed_ns,562.0000000000
409014,13079720641338,btc_qm_engine,btc_sha256_nonce,444338729.0000000000
409015,13079720641702,btc_qm_engine,btc_sha256_nonce,1192057733.0000000000
409016,13079720641929,btc_qm_engine,btc_sha256_nonce,198093296.0000000000
409017,13079720642179,btc_qm_engine,btc_sha256_nonce,2471828040.0000000000
409018,13079720642403,btc_qm_engine,btc_leading_zeros,0.0000000000
409019,13079720642464,btc_qm_engine,btc_sha256_elapsed_ns,688.0000000000
409020,13079720642575,btc_qm_engine,btc_leading_zeros,1.0000000000
409021,13079720642736,btc_qm_engine,btc_leading_zeros,0.0000000000
409022,13079720642815,btc_qm_engine,btc_sha256_elapsed_ns,557.0000000000
409023,13079720643097,btc_qm_engine,btc_leading_zeros,0.0000000000
409024,13079720643230,btc_qm_engine,btc_sha256_elapsed_ns,1011.0000000000
409025,13079720643369,btc_qm_engine,btc_sha256_nonce,4187873010.0000000000
409026,13079720643554,btc_qm_engine,btc_leading_zeros,0.0000000000
409027,13079720643859,btc_qm_engine,btc_sha256_elapsed_ns,671.0000000000
409028,13079720644425,btc_qm_engine,btc_sha256_nonce,2133579149.0000000000
409029,13079720644495,btc_qm_engine,btc_leading_zeros,2.0000000000
409030,13079720644560,btc_qm_engine,btc_sha256_elapsed_ns,930.0000000000
409031,13079720645059,btc_qm_engine,btc_sha256_nonce,3046257976.0000000000
409032,13079720645127,btc_qm_engine,btc_leading_zeros,2.0000000000
409033,13079720650658,btc_qm_engine,btc_sha256_elapsed_ns,679.0000000000
409034,13079720651544,btc_qm_engine,btc_sha256_nonce,252341941.0000000000
409035,13079720651602,btc_qm_engine,btc_leading_zeros,3.0000000000
409036,13079720651651,btc_qm_engine,btc_sha256_elapsed_ns,679.0000000000
409037,13079720652468,btc_qm_engine,btc_sha256_nonce,3502785186.0000000000
409038,13079720652525,btc_qm_engine,btc_leading_zeros,4.0000000000
409039,13079720652573,btc_qm_engine,btc_sha256_elapsed_ns,670.0000000000
409040,13079720653437,btc_qm_engine,btc_sha256_elapsed_ns,705.0000000000
409041,13079720653856,btc_qm_engine,btc_sha256_nonce,650753298.0000000000
409042,13079720654521,btc_qm_engine,btc_leading_zeros,0.0000000000
409043,13079720654569,btc_qm_engine,btc_sha256_elapsed_ns,785.0000000000
409044,13079720655140,btc_qm_engine,btc_sha256_nonce,1554528316.0000000000
409045,13079720655200,btc_qm_engine,btc_leading_zeros,1.0000000000
409046,13079720655250,btc_qm_engine,btc_sha256_elapsed_ns,696.0000000000
409047,13079720655557,btc_qm_engine,btc_sha256_nonce,2724850365.0000000000
409048,13079720655635,btc_qm_engine,btc_leading_zeros,0.0000000000
409049,13079720655685,btc_qm_engine,btc_sha256_elapsed_ns,789.0000000000
409050,13079720656140,btc_qm_engine,btc_sha256_nonce,3762795906.0000000000
409051,13079720656206,btc_qm_engine,btc_leading_zeros,0.0000000000
409052,13079720656256,btc_qm_engine,btc_sha256_elapsed_ns,701.0000000000
409053,13079720656541,btc_qm_engine,btc_sha256_nonce,4267973700.0000000000
409054,13079720656611,btc_qm_engine,btc_leading_zeros,1.0000000000
409055,13079720656659,btc_qm_engine,btc_sha256_elapsed_ns,670.0000000000
409056,13079720657136,btc_qm_engine,btc_sha256_nonce,3673534493.0000000000
409057,13079720657203,btc_qm_engine,btc_leading_zeros,1.0000000000
409058,13079720657459,btc_qm_engine,btc_sha256_nonce,1293040771.0000000000
409059,13079720657886,btc_qm_engine,btc_sha256_nonce,1229866230.0000000000
409060,13079720658171,btc_qm_engine,btc_leading_zeros,0.0000000000
409061,13079720658251,btc_qm_engine,btc_sha256_elapsed_ns,684.0000000000
409062,13079720658447,btc_qm_engine,btc_sha256_nonce,2454151780.0000000000
409063,13079720658931,btc_qm_engine,btc_leading_zeros,0.0000000000
409064,13079720658982,btc_qm_engine,btc_sha256_elapsed_ns,984.0000000000
409065,13079720659276,btc_qm_engine,btc_sha256_nonce,252795196.0000000000
409066,13079720659348,btc_qm_engine,btc_leading_zeros,1.0000000000
409067,13079720659411,btc_qm_engine,btc_sha256_elapsed_ns,816.0000000000
409068,13079720660298,btc_qm_engine,btc_sha256_nonce,1075835467.0000000000
409069,13079720660708,btc_qm_engine,btc_sha256_nonce,3879418489.0000000000
409070,13079720660829,btc_qm_engine,btc_leading_zeros,0.0000000000
409071,13079720660926,btc_qm_engine,btc_sha256_elapsed_ns,1018.0000000000
409072,13079720661109,btc_qm_engine,btc_leading_zeros,0.0000000000
409073,13079720665277,btc_qm_engine,btc_sha256_elapsed_ns,678.0000000000
409074,13079720666139,btc_qm_engine,btc_sha256_nonce,252137594.0000000000
409075,13079720666189,btc_qm_engine,btc_leading_zeros,0.0000000000
409076,13079720666237,btc_qm_engine,btc_sha256_elapsed_ns,668.0000000000
409077,13079720666799,btc_qm_engine,btc_leading_zeros,0.0000000000
409078,13079720667830,btc_qm_engine,btc_sha256_nonce,2446726901.0000000000
409079,13079720668300,btc_qm_engine,btc_sha256_elapsed_ns,568.0000000000
409080,13079720668464,btc_qm_engine,btc_leading_zeros,4.0000000000
409081,13079720668527,btc_qm_engine,btc_sha256_elapsed_ns,671.0000000000
409082,13079720669228,btc_qm_engine,btc_sha256_nonce,4089958410.0000000000
409083,13079720669292,btc_qm_engine,btc_leading_zeros,3.0000000000
409084,13079720669335,btc_qm_engine,btc_sha256_elapsed_ns,576.0000000000
409085,13079720669510,btc_qm_engine,btc_sha256_nonce,727153879.0000000000
409086,13079720669578,btc_qm_engine,btc_leading_zeros,0.0000000000
409087,13079720669626,btc_qm_engine,btc_sha256_elapsed_ns,803.0000000000
409088,13079720670078,btc_qm_engine,btc_sha256_nonce,2452100496.0000000000
409089,13079720670139,btc_qm_engine,btc_leading_zeros,1.0000000000
409090,13079720670183,btc_qm_engine,btc_sha256_elapsed_ns,562.0000000000
409091,13079720670362,btc_qm_engine,btc_sha256_elapsed_ns,695.0000000000
409092,13079720670518,btc_qm_engine,btc_sha256_nonce,176098401.0000000000
409093,13079720670581,btc_qm_engine,btc_leading_zeros,1.0000000000
409094,13079720670629,btc_qm_engine,btc_sha256_elapsed_ns,681.0000000000
409095,13079720670944,btc_qm_engine,btc_sha256_nonce,3668423992.0000000000
409096,13079720671006,btc_qm_engine,btc_leading_zeros,0.0000000000
409097,13079720671066,btc_qm_engine,btc_sha256_elapsed_ns,565.0000000000
409098,13079720671226,btc_qm_engine,btc_sha256_nonce,2229005521.0000000000
409099,13079720671404,btc_qm_engine,btc_sha256_nonce,2162948229.0000000000
409100,13079720671468,btc_qm_engine,btc_leading_zeros,0.0000000000
409101,13079720671633,btc_qm_engine,btc_sha256_elapsed_ns,572.0000000000
409102,13079720671811,btc_qm_engine,btc_sha256_nonce,1653479866.0000000000
409103,13079720671876,btc_qm_engine,btc_leading_zeros,1.0000000000
409104,13079720672110,btc_qm_engine,btc_leading_zeros,1.0000000000
409105,13079720672619,btc_qm_engine,btc_sha256_nonce,947467163.0000000000
409106,13079720672777,btc_qm_engine,btc_sha256_elapsed_ns,1029.0000000000
409107,13079720673199,btc_qm_engine,btc_leading_zeros,0.0000000000
409108,13079720673438,btc_qm_engine,btc_sha256_elapsed_ns,562.0000000000
409109,13079720674138,btc_qm_engine,btc_sha256_nonce,2430799529.0000000000
409110,13079720674183,btc_qm_engine,btc_leading_zeros,0.0000000000
409111,13079720674228,btc_qm_engine,btc_sha256_elapsed_ns,561.0000000000
409112,13079720674431,btc_qm_engine,btc_sha256_nonce,651025366.0000000000
409113,13079720674504,btc_qm_engine,btc_leading_zeros,1.0000000000
409114,13079720674573,btc_qm_engine,btc_sha256_elapsed_ns,957.0000000000
409115,13079720674719,btc_qm_engine,btc_sha256_elapsed_ns,564.0000000000
409116,13079720674954,btc_qm_engine,btc_sha256_nonce,2616592241.0000000000
409117,13079720675013,btc_qm_engine,btc_leading_zeros,0.0000000000
409118,13079720675057,btc_qm_engine,btc_sha256_elapsed_ns,556.0000000000
409119,13079720675535,btc_qm_engine,btc_sha256_nonce,1100486943.0000000000
409120,13079720675598,btc_qm_engine,btc_leading_zeros,1.0000000000
409121,13079720675644,btc_qm_engine,btc_sha256_elapsed_ns,567.0000000000
409122,13079720675821,btc_qm_engine,btc_sha256_nonce,2092669137.0000000000
409123,13079720676277,btc_qm_engine,btc_sha256_nonce,868593994.0000000000
409124,13079720676405,btc_qm_engine,btc_leading_zeros,4.0000000000
409125,13079720676568,btc_qm_engine,btc_sha256_elapsed_ns,560.0000000000
409126,13079720676714,btc_qm_engine,btc_leading_zeros,0.0000000000
409127,13079720676801,btc_qm_engine,btc_sha256_elapsed_ns,1040.0000000000
409128,13079720676876,btc_qm_engine,btc_sha256_nonce,197576143.0000000000
409129,13079720677009,btc_qm_engine,btc_sha256_nonce,1457375725.0000000000
409130,13079720677233,btc_qm_engine,btc_leading_zeros,3.0000000000
409131,13079720677575,btc_qm_engine,btc_leading_zeros,0.0000000000
409132,13079720677817,btc_qm_engine,btc_sha256_elapsed_ns,563.0000000000
409133,13079720678072,btc_qm_engine,btc_sha256_nonce,11533052.0000000000
409134,13079720678174,btc_qm_engine,btc_leading_zeros,1.0000000000
409135,13079720678240,btc_qm_engine,btc_sha256_elapsed_ns,1022.0000000000
409136,13079720679001,btc_qm_engine,btc_sha256_nonce,1443363357.0000000000
409137,13079720679062,btc_qm_engine,btc_leading_zeros,0.0000000000
409138,13079720679106,btc_qm_engine,btc_sha256_elapsed_ns,566.0000000000
409139,13079720679436,btc_qm_engine,btc_sha256_elapsed_ns,700.0000000000
409140,13079720679860,btc_qm_engine,btc_sha256_nonce,250188.0000000000
409141,13079720679919,btc_qm_engine,btc_leading_zeros,2.0000000000
409142,13079720680198,btc_qm_engine,btc_sha256_elapsed_ns,564.0000000000
409143,13079720680333,btc_qm_engine,btc_sha256_nonce,3769409344.0000000000
409144,13079720680655,btc_qm_engine,btc_leading_zeros,1.0000000000
409145,13079720680725,btc_qm_engine,btc_sha256_elapsed_ns,975.0000000000
409146,13079720680845,btc_qm_engine,btc_sha256_nonce,1929637463.0000000000
409147,13079720681055,btc_qm_engine,btc_sha256_nonce,2898967141.0000000000
409148,13079720681247,btc_qm_engine,btc_leading_zeros,0.0000000000
409149,13079720681294,btc_qm_engine,btc_sha256_elapsed_ns,560.0000000000
409150,13079720681442,btc_qm_engine,btc_leading_zeros,0.0000000000
409151,13079720681790,btc_qm_engine,btc_sha256_elapsed_ns,569.0000000000
409152,13079720681901,btc_qm_engine,btc_sha256_nonce,1480237548.0000000000
409153,13079720682114,btc_qm_engine,btc_sha256_nonce,3173149619.0000000000
409154,13079720682179,btc_qm_engine,btc_leading_zeros,2.0000000000
409155,13079720682225,btc_qm_engine,btc_sha256_elapsed_ns,567.0000000000
409156,13079720682419,btc_qm_engine,btc_sha256_nonce,161150418.0000000000
409157,13079720682566,btc_qm_engine,btc_sha256_nonce,3861578813.0000000000
409158,13079720682644,btc_qm_engine,btc_leading_zeros,1.0000000000
409159,13079720682690,btc_qm_engine,btc_sha256_elapsed_ns,570.0000000000
409160,13079720682787,btc_qm_engine,btc_leading_zeros,4.0000000000
409161,13079720682946,btc_qm_engine,btc_leading_zeros,1.0000000000
409162,13079720683335,btc_qm_engine,btc_sha256_elapsed_ns,937.0000000000
409163,13079720683660,btc_qm_engine,btc_sha256_nonce,4271846371.0000000000
409164,13079720684041,btc_qm_engine,btc_sha256_nonce,516069327.0000000000
409165,13079720684288,btc_qm_engine,btc_leading_zeros,0.0000000000
409166,13079720684332,btc_qm_engine,btc_sha256_elapsed_ns,568.0000000000
409167,13079720685046,btc_qm_engine,btc_sha256_nonce,2872741666.0000000000
409168,13079720685093,btc_qm_engine,btc_leading_zeros,2.0000000000
409169,13079720685138,btc_qm_engine,btc_sha256_elapsed_ns,565.0000000000
409170,13079720685311,btc_qm_engine,btc_sha256_nonce,3248858672.0000000000
409171,13079720685639,btc_qm_engine,btc_leading_zeros,0.0000000000
409172,13079720685695,btc_qm_engine,btc_sha256_elapsed_ns,882.0000000000
409173,13079720685872,btc_qm_engine,btc_sha256_nonce,2592013145.0000000000
409174,13079720685949,btc_qm_engine,btc_leading_zeros,1.0000000000
409175,13079720685994,btc_qm_engine,btc_sha256_elapsed_ns,560.0000000000
409176,13079720686240,btc_qm_engine,btc_leading_zeros,0.0000000000
409177,13079720686348,btc_qm_engine,btc_sha256_elapsed_ns,560.0000000000
409178,13079720686734,btc_qm_engine,btc_sha256_nonce,636790990.0000000000
409179,13079720686799,btc_qm_engine,btc_leading_zeros,3.0000000000
409180,13079720686843,btc_qm_engine,btc_sha256_elapsed_ns,560.0000000000
409181,13079720687035,btc_qm_engine,btc_sha256_nonce,3335806142.0000000000
409182,13079720687183,btc_qm_engine,btc_sha256_nonce,551022958.0000000000
409183,13079720687466,btc_qm_engine,btc_leading_zeros,0.0000000000
409184,13079720687666,btc_qm_engine,btc_sha256_nonce,2156441787.0000000000
409185,13079720687728,btc_qm_engine,btc_leading_zeros,4.0000000000
409186,13079720687854,btc_qm_engine,btc_sha256_elapsed_ns,570.0000000000
409187,13079720688326,btc_qm_engine,btc_sha256_elapsed_ns,557.0000000000
409188,13079720688860,btc_qm_engine,btc_sha256_nonce,2522200454.0000000000
409189,13079720688905,btc_qm_engine,btc_leading_zeros,0.0000000000
409190,13079720688952,btc_qm_engine,btc_sha256_elapsed_ns,563.0000000000
409191,13079720689123,btc_qm_engine,btc_sha256_elapsed_ns,984.0000000000
409192,13079720689684,btc_qm_engine,btc_sha256_nonce,1720079699.0000000000
409193,13079720689748,btc_qm_engine,btc_leading_zeros,0.0000000000
409194,13079720689792,btc_qm_engine,btc_sha256_elapsed_ns,559.0000000000
409195,13079720690490,btc_qm_engine,btc_sha256_nonce,947978044.0000000000
409196,13079720690538,btc_qm_engine,btc_leading_zeros,0.0000000000
409197,13079720690583,btc_qm_engine,btc_sha256_elapsed_ns,558.0000000000
409198,13079720690842,btc_qm_engine,btc_sha256_nonce,95617808.0000000000
409199,13079720690915,btc_qm_engine,btc_leading_zeros,0.0000000000
409200,13079720690979,btc_qm_engine,btc_sha256_elapsed_ns,1016.0000000000
409201,13079720691309,btc_qm_engine,btc_sha256_nonce,1845060676.0000000000
409202,13079720691481,btc_qm_engine,btc_sha256_nonce,3055263866.0000000000
409203,13079720691880,btc_qm_engine,btc_leading_zeros,0.0000000000
409204,13079720692009,btc_qm_engine,btc_leading_zeros,0.0000000000
409205,13079720692068,btc_qm_engine,btc_sha256_elapsed_ns,558.0000000000
409206,13079720692294,btc_qm_engine,btc_sha256_elapsed_ns,561.0000000000
409207,13079720692682,btc_qm_engine,btc_sha256_nonce,11725155.0000000000
409208,13079720692873,btc_qm_engine,btc_sha256_nonce,4272041641.0000000000
409209,13079720692976,btc_qm_engine,btc_leading_zeros,1.0000000000
409210,13079720693222,btc_qm_engine,btc_sha256_nonce,486584963.0000000000
409211,13079720693289,btc_qm_engine,btc_leading_zeros,1.0000000000
409212,13079720693470,btc_qm_engine,btc_sha256_elapsed_ns,563.0000000000
409213,13079720693831,btc_qm_engine,btc_sha256_elapsed_ns,565.0000000000
409214,13079720696289,btc_qm_engine,btc_sha256_nonce,724803189.0000000000
409215,13079720696336,btc_qm_engine,btc_leading_zeros,0.0000000000
409216,13079720696390,btc_qm_engine,btc_sha256_elapsed_ns,565.0000000000
409217,13079720696492,btc_qm_engine,btc_sha256_nonce,2736811584.0000000000
409218,13079720696562,btc_qm_engine,btc_leading_zeros,0.0000000000
409219,13079720696621,btc_qm_engine,btc_sha256_elapsed_ns,565.0000000000
409220,13079720697156,btc_qm_engine,btc_sha256_nonce,917265345.0000000000
409221,13079720697214,btc_qm_engine,btc_leading_zeros,1.0000000000
409222,13079720697258,btc_qm_engine,btc_sha256_elapsed_ns,561.0000000000
409223,13079720697363,btc_qm_engine,btc_sha256_nonce,3179709153.0000000000
409224,13079720697433,btc_qm_engine,btc_leading_zeros,1.0000000000
409225,13079720697494,btc_qm_engine,btc_sha256_elapsed_ns,560.0000000000
409226,13079720698046,btc_qm_engine,btc_leading_zeros,0.0000000000
409227,13079720698252,btc_qm_engine,btc_sha256_nonce,1366224011.0000000000
409228,13079720698395,btc_qm_engine,btc_leading_zeros,0.0000000000
409229,13079720698595,btc_qm_engine,btc_sha256_elapsed_ns,983.0000000000
409230,13079720698868,btc_qm_engine,btc_leading_zeros,4.0000000000
409231,13079720699150,btc_qm_engine,btc_sha256_elapsed_ns,560.0000000000
409232,13079720699848,btc_qm_engine,btc_sha256_nonce,252662773.0000000000
409233,13079720699908,btc_qm_engine,btc_leading_zeros,0.0000000000
409234,13079720699951,btc_qm_engine,btc_sha256_elapsed_ns,563.0000000000
409235,13079720700210,btc_qm_engine,btc_sha256_elapsed_ns,967.0000000000
409236,13079720700566,btc_qm_engine,btc_sha256_nonce,722515056.0000000000
409237,13079720700639,btc_qm_engine,btc_leading_zeros,2.0000000000
409238,13079720700849,btc_qm_engine,btc_sha256_elapsed_ns,966.0000000000
409239,13079720701164,btc_qm_engine,btc_sha256_nonce,197842043.0000000000
409240,13079720701378,btc_qm_engine,btc_leading_zeros,2.0000000000
409241,13079720701451,btc_qm_engine,btc_sha256_elapsed_ns,563.0000000000
409242,13079720701576,btc_qm_engine,btc_sha256_nonce,11974514.0000000000
409243,13079720702010,btc_qm_engine,btc_sha256_nonce,1448368400.0000000000
409244,13079720702169,btc_qm_engine,btc_leading_zeros,0.0000000000
409245,13079720702429,btc_qm_engine,btc_sha256_nonce,2952487946.0000000000
409246,13079720702693,btc_qm_engine,btc_sha256_nonce,1208303050.0000000000
409247,13079720703208,btc_qm_engine,btc_leading_zeros,1.0000000000
409248,13079720703287,btc_qm_engine,btc_sha256_elapsed_ns,561.0000000000
409249,13079720703368,btc_qm_engine,btc_sha256_elapsed_ns,1000.0000000000
409250,13079720704014,btc_qm_engine,btc_sha256_nonce,3878185851.0000000000
409251,13079720704085,btc_qm_engine,btc_leading_zeros,0.0000000000
409252,13079720704129,btc_qm_engine,btc_sha256_elapsed_ns,560.0000000000
409253,13079720704268,btc_qm_engine,btc_leading_zeros,0.0000000000
409254,13079720704397,btc_qm_engine,btc_sha256_elapsed_ns,882.0000000000
409255,13079720704890,btc_qm_engine,btc_sha256_nonce,2174348583.0000000000
409256,13079720705072,btc_qm_engine,btc_leading_zeros,3.0000000000
409257,13079720705289,btc_qm_engine,btc_sha256_elapsed_ns,561.0000000000
409258,13079720705411,btc_qm_engine,btc_sha256_nonce,1525573630.0000000000
409259,13079720705563,btc_qm_engine,btc_sha256_nonce,2114220386.0000000000
409260,13079720705649,btc_qm_engine,btc_leading_zeros,1.0000000000
409261,13079720705792,btc_qm_engine,btc_leading_zeros,1.0000000000
409262,13079720705868,btc_qm_engine,btc_sha256_elapsed_ns,1020.0000000000
409263,13079720706042,btc_qm_engine,btc_sha256_nonce,197003834.0000000000
409264,13079720706210,btc_qm_engine,btc_sha256_elapsed_ns,948.0000000000
409265,13079720706411,btc_qm_engine,btc_leading_zeros,0.0000000000
409266,13079720706519,btc_qm_engine,btc_leading_zeros,1.0000000000
409267,13079720706584,btc_qm_engine,btc_sha256_elapsed_ns,563.0000000000
409268,13079720706681,btc_qm_engine,btc_sha256_elapsed_ns,558.0000000000
409269,13079720707090,btc_qm_engine,btc_sha256_nonce,3025942520.0000000000
409270,13079720707168,btc_qm_engine,btc_leading_zeros,3.0000000000
409271,13079720707245,btc_qm_engine,btc_sha256_elapsed_ns,977.0000000000
409272,13079720707393,btc_qm_engine,btc_sha256_nonce,3858643023.0000000000
409273,13079720707514,btc_qm_engine,btc_sha256_nonce,3511192649.0000000000
409274,13079720707583,btc_qm_engine,btc_leading_zeros,4.0000000000
409275,13079720707696,btc_qm_engine,btc_leading_zeros,3.0000000000
409276,13079720707850,btc_qm_engine,btc_sha256_elapsed_ns,567.0000000000
409277,13079720708045,btc_qm_engine,btc_sha256_elapsed_ns,564.0000000000
409278,13079720708178,btc_qm_engine,btc_sha256_nonce,3950490050.0000000000
409279,13079720708425,btc_qm_engine,btc_leading_zeros,0.0000000000
409280,13079720708586,btc_qm_engine,btc_sha256_nonce,2483365044.0000000000
409281,13079720708826,btc_qm_engine,btc_sha256_nonce,2330505296.0000000000
409282,13079720708964,btc_qm_engine,btc_leading_zeros,0.0000000000
409283,13079720709160,btc_qm_engine,btc_leading_zeros,4.0000000000
409284,13079720709263,btc_qm_engine,btc_sha256_elapsed_ns,988.0000000000
409285,13079720709379,btc_qm_engine,btc_sha256_nonce,2566590223.0000000000
409286,13079720709544,btc_qm_engine,btc_sha256_elapsed_ns,560.0000000000
409287,13079720709678,btc_qm_engine,btc_sha256_elapsed_ns,876.0000000000
409288,13079720710010,btc_qm_engine,btc_leading_zeros,0.0000000000
409289,13079720710213,btc_qm_engine,btc_sha256_elapsed_ns,561.0000000000
409290,13079720710331,btc_qm_engine,btc_sha256_nonce,3804450778.0000000000
409291,13079720710401,btc_qm_engine,btc_leading_zeros,0.0000000000
409292,13079720710444,btc_qm_engine,btc_sha256_elapsed_ns,563.0000000000
409293,13079720710573,btc_qm_engine,btc_sha256_nonce,3575500218.0000000000
409294,13079720710865,btc_qm_engine,btc_leading_zeros,2.0000000000
409295,13079720710936,btc_qm_engine,btc_sha256_elapsed_ns,1002.0000000000
409296,13079720711239,btc_qm_engine,btc_sha256_nonce,197214782.0000000000
409297,13079720711327,btc_qm_engine,btc_leading_zeros,0.0000000000
409298,13079720711371,btc_qm_engine,btc_sha256_elapsed_ns,563.0000000000
409299,13079720711558,btc_qm_engine,btc_sha256_nonce,2163530532.0000000000
409300,13079720712059,btc_qm_engine,btc_leading_zeros,1.0000000000
409301,13079720712248,btc_qm_engine,btc_sha256_elapsed_ns,562.0000000000
409302,13079720712579,btc_qm_engine,btc_sha256_nonce,197889226.0000000000
409303,13079720712811,btc_qm_engine,btc_leading_zeros,2.0000000000
409304,13079720712867,btc_qm_engine,btc_sha256_elapsed_ns,557.0000000000
409305,13079720713307,btc_qm_engine,btc_sha256_nonce,1741478373.0000000000
409306,13079720713380,btc_qm_engine,btc_leading_zeros,2.0000000000
409307,13079720713437,btc_qm_engine,btc_sha256_elapsed_ns,565.0000000000
409308,13079720713619,btc_qm_engine,btc_sha256_nonce,1602549662.0000000000
409309,13079720713678,btc_qm_engine,btc_leading_zeros,1.0000000000
409310,13079720713737,btc_qm_engine,btc_sha256_elapsed_ns,561.0000000000
409311,13079720714182,btc_qm_engine,btc_sha256_nonce,2967951268.0000000000
409312,13079720714254,btc_qm_engine,btc_leading_zeros,0.0000000000
409313,13079720714301,btc_qm_engine,btc_sha256_elapsed_ns,558.0000000000
409314,13079720714489,btc_qm_engine,btc_sha256_nonce,198027127.0000000000
409315,13079720714553,btc_qm_engine,btc_leading_zeros,0.0000000000
409316,13079720714597,btc_qm_engine,btc_sha256_elapsed_ns,561.0000000000
409317,13079720714995,btc_qm_engine,btc_sha256_nonce,12359662.0000000000
409318,13079720715127,btc_qm_engine,btc_sha256_nonce,2425614635.0000000000
409319,13079720715356,btc_qm_engine,btc_sha256_nonce,108450517.0000000000
409320,13079720715566,btc_qm_engine,btc_leading_zeros,0.0000000000
409321,13079720715842,btc_qm_engine,btc_leading_zeros,3.0000000000
409322,13079720716249,btc_qm_engine,btc_sha256_elapsed_ns,557.0000000000
409323,13079720716520,btc_qm_engine,btc_sha256_nonce,4204046525.0000000000
409324,13079720716919,btc_qm_engine,btc_leading_zeros,0.0000000000
409325,13079720717031,btc_qm_engine,btc_sha256_nonce,3113954737.0000000000
409326,13079720717307,btc_qm_engine,btc_leading_zeros,1.0000000000
409327,13079720717384,btc_qm_engine,btc_sha256_elapsed_ns,560.0000000000
409328,13079720717459,btc_qm_engine,btc_sha256_elapsed_ns,800.0000000000
409329,13079720718130,btc_qm_engine,btc_sha256_nonce,877821829.0000000000
409330,13079720718199,btc_qm_engine,btc_leading_zeros,2.0000000000
409331,13079720718257,btc_qm_engine,btc_sha256_elapsed_ns,558.0000000000
409332,13079720718372,btc_qm_engine,btc_sha256_elapsed_ns,559.0000000000
409333,13079720718836,btc_qm_engine,btc_sha256_nonce,507260337.0000000000
409334,13079720718904,btc_qm_engine,btc_leading_zeros,0.0000000000
409335,13079720719073,btc_qm_engine,btc_sha256_nonce,3549304718.0000000000
409336,13079720719298,btc_qm_engine,btc_sha256_nonce,608390756.0000000000
409337,13079720719586,btc_qm_engine,btc_sha256_elapsed_ns,858.0000000000
409338,13079720719785,btc_qm_engine,btc_leading_zeros,0.0000000000
409339,13079720720108,btc_qm_engine,btc_leading_zeros,2.0000000000
409340,13079720720472,btc_qm_engine,btc_sha256_elapsed_ns,559.0000000000
409341,13079720720580,btc_qm_engine,btc_sha256_elapsed_ns,564.0000000000
409342,13079720721143,btc_qm_engine,btc_sha256_nonce,252244010.0000000000
409343,13079720721335,btc_qm_engine,btc_sha256_nonce,161244763.0000000000
409344,13079720721461,btc_qm_engine,btc_sha256_nonce,2868461105.0000000000
409345,13079720721641,btc_qm_engine,btc_leading_zeros,1.0000000000
409346,13079720721917,btc_qm_engine,btc_leading_zeros,0.0000000000
409347,13079720722086,btc_qm_engine,btc_leading_zeros,1.0000000000
409348,13079720722200,btc_qm_engine,btc_sha256_elapsed_ns,898.0000000000
409349,13079720722463,btc_qm_engine,btc_sha256_elapsed_ns,562.0000000000
409350,13079720723171,btc_qm_engine,btc_sha256_nonce,947724684.0000000000
409351,13079720723217,btc_qm_engine,btc_leading_zeros,0.0000000000
409352,13079720723277,btc_qm_engine,btc_sha256_elapsed_ns,564.0000000000
409353,13079720723498,btc_qm_engine,btc_sha256_nonce,3713856446.0000000000
409354,13079720723572,btc_qm_engine,btc_leading_zeros,0.0000000000
409355,13079720723631,btc_qm_engine,btc_sha256_elapsed_ns,1049.0000000000
409356,13079720724013,btc_qm_engine,btc_sha256_nonce,1376363049.0000000000
409357,13079720724076,btc_qm_engine,btc_leading_zeros,2.0000000000
409358,13079720724137,btc_qm_engine,btc_sha256_elapsed_ns,562.0000000000
409359,13079720724329,btc_qm_engine,btc_sha256_elapsed_ns,563.0000000000
409360,13079720724821,btc_qm_engine,btc_sha256_nonce,11417543.0000000000
409361,13079720724965,btc_qm_engine,btc_sha256_nonce,2309145691.0000000000
409362,13079720725127,btc_qm_engine,btc_sha256_nonce,1773976263.0000000000
409363,13079720725195,btc_qm_engine,btc_leading_zeros,0.0000000000
409364,13079720725240,btc_qm_engine,btc_sha256_elapsed_ns,564.0000000000
409365,13079720725430,btc_qm_engine,btc_leading_zeros,1.0000000000
409366,13079720725736,btc_qm_engine,btc_leading_zeros,0.0000000000
409367,13079720725858,btc_qm_engine,btc_sha256_elapsed_ns,960.0000000000
409368,13079720725999,btc_qm_engine,btc_sha256_elapsed_ns,557.0000000000
409369,13079720726346,btc_qm_engine,btc_sha256_nonce,197132227.0000000000
409370,13079720726561,btc_qm_engine,btc_leading_zeros,0.0000000000
409371,13079720726608,btc_qm_engine,btc_sha256_elapsed_ns,560.0000000000
409372,13079720726946,btc_qm_engine,btc_sha256_nonce,4185983037.0000000000
409373,13079720727007,btc_qm_engine,btc_leading_zeros,0.0000000000
409374,13079720727113,btc_qm_engine,btc_sha256_nonce,553402639.0000000000
409375,13079720727378,btc_qm_engine,btc_sha256_nonce,4054539951.0000000000
409376,13079720727445,btc_qm_engine,btc_leading_zeros,2.0000000000
409377,13079720727491,btc_qm_engine,btc_sha256_elapsed_ns,565.0000000000
409378,13079720727726,btc_qm_engine,btc_sha256_elapsed_ns,564.0000000000
409379,13079720727867,btc_qm_engine,btc_leading_zeros,4.0000000000
409380,13079720727971,btc_qm_engine,btc_sha256_elapsed_ns,988.0000000000
409381,13079720728241,btc_qm_engine,btc_sha256_nonce,197621076.0000000000
409382,13079720728327,btc_qm_engine,btc_leading_zeros,0.0000000000
409383,13079720728372,btc_qm_engine,btc_sha256_elapsed_ns,560.0000000000
409384,13079720728474,btc_qm_engine,btc_leading_zeros,4.0000000000
409385,13079720728725,btc_qm_engine,btc_sha256_nonce,910198119.0000000000
409386,13079720728793,btc_qm_engine,btc_leading_zeros,0.0000000000
409387,13079720728955,btc_qm_engine,btc_sha256_elapsed_ns,876.0000000000
409388,13079720729178,btc_qm_engine,btc_sha256_nonce,197162265.0000000000
409389,13079720729239,btc_qm_engine,btc_leading_zeros,3.0000000000
409390,13079720729293,btc_qm_engine,btc_sha256_elapsed_ns,561.0000000000
409391,13079720729672,btc_qm_engine,btc_sha256_elapsed_ns,563.0000000000
409392,13079720730160,btc_qm_engine,btc_sha256_nonce,2729510201.0000000000
409393,13079720730392,btc_qm_engine,btc_sha256_nonce,1729309692.0000000000
409394,13079720730592,btc_qm_engine,btc_sha256_nonce,715302682.0000000000
409395,13079720730747,btc_qm_engine,btc_sha256_nonce,946968252.0000000000
409396,13079720730816,btc_qm_engine,btc_leading_zeros,0.0000000000
409397,13079720730861,btc_qm_engine,btc_sha256_elapsed_ns,563.0000000000
409398,13079720731147,btc_qm_engine,btc_leading_zeros,0.0000000000
409399,13079720731604,btc_qm_engine,btc_sha256_nonce,4078666055.0000000000
409400,13079720731671,btc_qm_engine,btc_leading_zeros,0.0000000000
409401,13079720731922,btc_qm_engine,btc_sha256_elapsed_ns,560.0000000000
409402,13079720732131,btc_qm_engine,btc_leading_zeros,1.0000000000
409403,13079720732411,btc_qm_engine,btc_sha256_elapsed_ns,901.0000000000
409404,13079720732652,btc_qm_engine,btc_sha256_nonce,768882890.0000000000
409405,13079720732712,btc_qm_engine,btc_leading_zeros,1.0000000000
409406,13079720732769,btc_qm_engine,btc_sha256_elapsed_ns,560.0000000000
409407,13079720732929,btc_qm_engine,btc_sha256_elapsed_ns,1025.0000000000
409408,13079720733559,btc_qm_engine,btc_sha256_nonce,1464389951.0000000000
409409,13079720733757,btc_qm_engine,btc_leading_zeros,1.0000000000
409410,13079720733962,btc_qm_engine,btc_sha256_elapsed_ns,555.0000000000
409411,13079720734099,btc_qm_engine,btc_sha256_nonce,252170889.0000000000
409412,13079720734277,btc_qm_engine,btc_leading_zeros,0.0000000000
409413,13079720734488,btc_qm_engine,btc_sha256_nonce,11585281.0000000000
409414,13079720734659,btc_qm_engine,btc_sha256_elapsed_ns,563.0000000000
409415,13079720734824,btc_qm_engine,btc_sha256_nonce,995297219.0000000000
409416,13079720734910,btc_qm_engine,btc_leading_zeros,1.0000000000
409417,13079720735058,btc_qm_engine,btc_leading_zeros,4.0000000000
409418,13079720735213,btc_qm_engine,btc_leading_zeros,2.0000000000
409419,13079720735467,btc_qm_engine,btc_sha256_nonce,197282500.0000000000
409420,13079720735535,btc_qm_engine,btc_leading_zeros,1.0000000000
409421,13079720735591,btc_qm_engine,btc_sha256_elapsed_ns,570.0000000000
409422,13079720735771,btc_qm_engine,btc_sha256_elapsed_ns,977.0000000000
409423,13079720735918,btc_qm_engine,btc_sha256_elapsed_ns,562.0000000000
409424,13079720736024,btc_qm_engine,btc_sha256_elapsed_ns,955.0000000000
409425,13079720736318,btc_qm_engine,btc_sha256_nonce,3128429134.0000000000
409426,13079720736380,btc_qm_engine,btc_leading_zeros,1.0000000000
409427,13079720736425,btc_qm_engine,btc_sha256_elapsed_ns,557.0000000000
409428,13079720736675,btc_qm_engine,btc_sha256_nonce,947540936.0000000000
409429,13079720736734,btc_qm_engine,btc_leading_zeros,1.0000000000
409430,13079720736794,btc_qm_engine,btc_sha256_elapsed_ns,564.0000000000
409431,13079720737058,btc_qm_engine,btc_sha256_nonce,2796158280.0000000000
409432,13079720737298,btc_qm_engine,btc_leading_zeros,3.0000000000
409433,13079720737522,btc_qm_engine,btc_sha256_nonce,1958628566.0000000000
409434,13079720737645,btc_qm_engine,btc_sha256_nonce,2537017366.0000000000
409435,13079720738264,btc_qm_engine,btc_sha256_elapsed_ns,810.0000000000
409436,13079720738392,btc_qm_engine,btc_leading_zeros,2.0000000000
409437,13079720738463,btc_qm_engine,btc_sha256_elapsed_ns,1062.0000000000
409438,13079720739274,btc_qm_engine,btc_leading_zeros,1.0000000000
409439,13079720739367,btc_qm_engine,btc_sha256_elapsed_ns,558.0000000000
409440,13079720739546,btc_qm_engine,btc_sha256_nonce,3823320523.0000000000
409441,13079720739618,btc_qm_engine,btc_leading_zeros,0.0000000000
409442,13079720739664,btc_qm_engine,btc_sha256_elapsed_ns,891.0000000000
409443,13079720739805,btc_qm_engine,btc_sha256_nonce,1370501442.0000000000
409444,13079720740111,btc_qm_engine,btc_sha256_nonce,4250916740.0000000000
409445,13079720740396,btc_qm_engine,btc_leading_zeros,1.0000000000
409446,13079720740444,btc_qm_engine,btc_sha256_elapsed_ns,561.0000000000
409447,13079720740660,btc_qm_engine,btc_leading_zeros,4.0000000000
409448,13079720740818,btc_qm_engine,btc_sha256_nonce,625594530.0000000000
409449,13079720741071,btc_qm_engine,btc_sha256_elapsed_ns,1003.0000000000
409450,13079720741269,btc_qm_engine,btc_sha256_nonce,3085225977.0000000000
409451,13079720741566,btc_qm_engine,btc_leading_zeros,3.0000000000
409452,13079720741990,btc_qm_engine,btc_sha256_nonce,2532538377.0000000000
409453,13079720742171,btc_qm_engine,btc_leading_zeros,0.0000000000
409454,13079720742335,btc_qm_engine,btc_leading_zeros,0.0000000000
409455,13079720742510,btc_qm_engine,btc_sha256_elapsed_ns,557.0000000000
409456,13079720742659,btc_qm_engine,btc_sha256_elapsed_ns,559.0000000000
409457,13079720742902,btc_qm_engine,btc_sha256_nonce,11964164.0000000000
409458,13079720742974,btc_qm_engine,btc_leading_zeros,2.0000000000
409459,13079720743049,btc_qm_engine,btc_sha256_elapsed_ns,1016.0000000000
409460,13079720743183,btc_qm_engine,btc_sha256_elapsed_ns,819.0000000000
409461,13079720743295,btc_qm_engine,btc_sha256_nonce,1045497366.0000000000
409462,13079720743361,btc_qm_engine,btc_leading_zeros,0.0000000000
409463,13079720743406,btc_qm_engine,btc_sha256_elapsed_ns,562.0000000000
409464,13079720743648,btc_qm_engine,btc_sha256_nonce,930960768.0000000000
409465,13079720743707,btc_qm_engine,btc_leading_zeros,1.0000000000
409466,13079720743752,btc_qm_engine,btc_sha256_elapsed_ns,568.0000000000
409467,13079720744150,btc_qm_engine,btc_sha256_nonce,3021796057.0000000000
409468,13079720744216,btc_qm_engine,btc_leading_zeros,0.0000000000
409469,13079720744287,btc_qm_engine,btc_sha256_elapsed_ns,558.0000000000
409470,13079720744512,btc_qm_engine,btc_sha256_nonce,837100661.0000000000
409471,13079720744697,btc_qm_engine,btc_leading_zeros,3.0000000000
409472,13079720745144,btc_qm_engine,btc_sha256_nonce,312239029.0000000000
409473,13079720745270,btc_qm_engine,btc_sha256_nonce,3221902534.0000000000
409474,13079720745406,btc_qm_engine,btc_sha256_nonce,2387829012.0000000000
409475,13079720745589,btc_qm_engine,btc_leading_zeros,0.0000000000
409476,13079720745666,btc_qm_engine,btc_sha256_elapsed_ns,1009.0000000000
409477,13079720745861,btc_qm_engine,btc_sha256_elapsed_ns,557.0000000000
409478,13079720746926,btc_qm_engine,btc_sha256_nonce,3462904990.0000000000
409479,13079720747002,btc_qm_engine,btc_leading_zeros,0.0000000000
409480,13079720747074,btc_qm_engine,btc_sha256_elapsed_ns,1022.0000000000
409481,13079720747444,btc_qm_engine,btc_sha256_nonce,3923466907.0000000000
409482,13079720747661,btc_qm_engine,btc_leading_zeros,0.0000000000
409483,13079720747709,btc_qm_engine,btc_sha256_elapsed_ns,563.0000000000
409484,13079720748081,btc_qm_engine,btc_leading_zeros,0.0000000000
409485,13079720748161,btc_qm_engine,btc_sha256_elapsed_ns,886.0000000000
409486,13079720748459,btc_qm_engine,btc_sha256_nonce,198275253.0000000000
409487,13079720748526,btc_qm_engine,btc_leading_zeros,2.0000000000
409488,13079720748591,btc_qm_engine,btc_sha256_elapsed_ns,562.0000000000
409489,13079720748677,btc_qm_engine,btc_sha256_nonce,3149463183.0000000000
409490,13079720748756,btc_qm_engine,btc_leading_zeros,3.0000000000
409491,13079720748821,btc_qm_engine,btc_sha256_elapsed_ns,987.0000000000
409492,13079720749315,btc_qm_engine,btc_sha256_nonce,3351325685.0000000000
409493,13079720749534,btc_qm_engine,btc_leading_zeros,0.0000000000
409494,13079720749741,btc_qm_engine,btc_sha256_elapsed_ns,558.0000000000
409495,13079720749902,btc_qm_engine,btc_leading_zeros,1.0000000000
409496,13079720750021,btc_qm_engine,btc_sha256_nonce,174992299.0000000000
409497,13079720750093,btc_qm_engine,btc_leading_zeros,1.0000000000
409498,13079720750157,btc_qm_engine,btc_sha256_elapsed_ns,980.0000000000
409499,13079720750503,btc_qm_engine,btc_sha256_nonce,2331832715.0000000000
409500,13079720750565,btc_qm_engine,btc_leading_zeros,0.0000000000
409501,13079720750635,btc_qm_engine,btc_sha256_elapsed_ns,559.0000000000
409502,13079720751353,btc_qm_engine,btc_sha256_nonce,197556616.0000000000
409503,13079720751456,btc_qm_engine,btc_sha256_nonce,3787475142.0000000000
409504,13079720751914,btc_qm_engine,btc_leading_zeros,4.0000000000
409505,13079720752046,btc_qm_engine,btc_leading_zeros,0.0000000000
409506,13079720752117,btc_qm_engine,btc_sha256_elapsed_ns,1028.0000000000
409507,13079720752242,btc_qm_engine,btc_sha256_elapsed_ns,562.0000000000
409508,13079720752671,btc_qm_engine,btc_sha256_elapsed_ns,557.0000000000
409509,13079720753118,btc_qm_engine,btc_sha256_nonce,2005156696.0000000000
409510,13079720753208,btc_qm_engine,btc_leading_zeros,1.0000000000
409511,13079720753337,btc_qm_engine,btc_sha256_elapsed_ns,654.0000000000
409512,13079720753871,btc_qm_engine,btc_sha256_nonce,1998250596.0000000000
409513,13079720754187,btc_qm_engine,btc_leading_zeros,0.0000000000
409514,13079720754276,btc_qm_engine,btc_sha256_elapsed_ns,945.0000000000
409515,13079720754728,btc_qm_engine,btc_sha256_nonce,149199180.0000000000
409516,13079720754952,btc_qm_engine,btc_sha256_nonce,3473765221.0000000000
409517,13079720755035,btc_qm_engine,btc_leading_zeros,4.0000000000
409518,13079720755237,btc_qm_engine,btc_leading_zeros,3.0000000000
409519,13079720755609,btc_qm_engine,btc_sha256_elapsed_ns,1028.0000000000
409520,13079720755763,btc_qm_engine,btc_sha256_elapsed_ns,914.0000000000
409521,13079720755893,btc_qm_engine,btc_sha256_nonce,1419110205.0000000000
409522,13079720756252,btc_qm_engine,btc_leading_zeros,0.0000000000
409523,13079720756310,btc_qm_engine,btc_sha256_elapsed_ns,948.0000000000
409524,13079720756752,btc_qm_engine,btc_sha256_nonce,3868542291.0000000000
409525,13079720757011,btc_qm_engine,btc_sha256_nonce,2125793826.0000000000
409526,13079720757164,btc_qm_engine,btc_leading_zeros,0.0000000000
409527,13079720757234,btc_qm_engine,btc_sha256_elapsed_ns,994.0000000000
409528,13079720757539,btc_qm_engine,btc_sha256_nonce,947625171.0000000000
409529,13079720757686,btc_qm_engine,btc_leading_zeros,0.0000000000
409530,13079720757811,btc_qm_engine,btc_sha256_nonce,4216856483.0000000000
409531,13079720757953,btc_qm_engine,btc_leading_zeros,0.0000000000
409532,13079720758081,btc_qm_engine,btc_sha256_elapsed_ns,891.0000000000
409533,13079720758193,btc_qm_engine,btc_sha256_nonce,2686312310.0000000000
409534,13079720758448,btc_qm_engine,btc_leading_zeros,0.0000000000
409535,13079720758550,btc_qm_engine,btc_sha256_nonce,252890954.0000000000
409536,13079720758630,btc_qm_engine,btc_leading_zeros,1.0000000000
409537,13079720758711,btc_qm_engine,btc_sha256_elapsed_ns,1017.0000000000
409538,13079720758885,btc_qm_engine,btc_leading_zeros,0.0000000000
409539,13079720759068,btc_qm_engine,btc_sha256_nonce,583401575.0000000000
409540,13079720759139,btc_qm_engine,btc_leading_zeros,0.0000000000
409541,13079720759190,btc_qm_engine,btc_sha256_elapsed_ns,757.0000000000
409542,13079720759299,btc_qm_engine,btc_sha256_elapsed_ns,948.0000000000
409543,13079720759425,btc_qm_engine,btc_sha256_elapsed_ns,844.0000000000
409544,13079720759541,btc_qm_engine,btc_sha256_nonce,2348861929.0000000000
409545,13079720759871,btc_qm_engine,btc_sha256_nonce,252786956.0000000000
409546,13079720760075,btc_qm_engine,btc_sha256_nonce,3957096076.0000000000
409547,13079720760155,btc_qm_engine,btc_leading_zeros,4.0000000000
409548,13079720760225,btc_qm_engine,btc_sha256_elapsed_ns,690.0000000000
409549,13079720760371,btc_qm_engine,btc_leading_zeros,2.0000000000
409550,13079720760457,btc_qm_engine,btc_sha256_elapsed_ns,913.0000000000
409551,13079720760595,btc_qm_engine,btc_sha256_nonce,2467185772.0000000000
409552,13079720760778,btc_qm_engine,btc_sha256_elapsed_ns,964.0000000000
409553,13079720760940,btc_qm_engine,btc_sha256_nonce,1167334450.0000000000
409554,13079720761076,btc_qm_engine,btc_leading_zeros,0.0000000000
409555,13079720761451,btc_qm_engine,btc_leading_zeros,0.0000000000
409556,13079720761712,btc_qm_engine,btc_sha256_nonce,252471270.0000000000
409557,13079720761798,btc_qm_engine,btc_leading_zeros,0.0000000000
409558,13079720761914,btc_qm_engine,btc_sha256_elapsed_ns,1068.0000000000
409559,13079720762113,btc_qm_engine,btc_sha256_nonce,311998994.0000000000
409560,13079720762192,btc_qm_engine,btc_leading_zeros,0.0000000000
409561,13079720762284,btc_qm_engine,btc_sha256_elapsed_ns,994.0000000000
409562,13079720762491,btc_qm_engine,btc_sha256_elapsed_ns,1021.0000000000
409563,13079720763681,btc_qm_engine,btc_sha256_nonce,2795742772.0000000000
409564,13079720764126,btc_qm_engine,btc_leading_zeros,3.0000000000
409565,13079720764384,btc_qm_engine,btc_sha256_nonce,1436517852.0000000000
409566,13079720764669,btc_qm_engine,btc_sha256_elapsed_ns,972.0000000000
409567,13079720765441,btc_qm_engine,btc_leading_zeros,1.0000000000
409568,13079720765513,btc_qm_engine,btc_sha256_elapsed_ns,1008.0000000000
409569,13079720766222,btc_qm_engine,btc_sha256_nonce,1270651806.0000000000
409570,13079720766309,btc_qm_engine,btc_leading_zeros,1.0000000000
409571,13079720766390,btc_qm_engine,btc_sha256_elapsed_ns,977.0000000000
409572,13079720766667,btc_qm_engine,btc_leading_zeros,0.0000000000
409573,13079720766880,btc_qm_engine,btc_sha256_nonce,1858126132.0000000000
409574,13079720766994,btc_qm_engine,btc_leading_zeros,0.0000000000
409575,13079720767105,btc_qm_engine,btc_sha256_elapsed_ns,1052.0000000000
409576,13079720767475,btc_qm_engine,btc_sha256_nonce,252568865.0000000000
409577,13079720767619,btc_qm_engine,btc_sha256_nonce,4071020283.0000000000
409578,13079720767990,btc_qm_engine,btc_sha256_elapsed_ns,881.0000000000
409579,13079720768427,btc_qm_engine,btc_leading_zeros,0.0000000000
409580,13079720768596,btc_qm_engine,btc_leading_zeros,1.0000000000
409581,13079720768654,btc_qm_engine,btc_sha256_elapsed_ns,1029.0000000000
409582,13079720768825,btc_qm_engine,btc_sha256_elapsed_ns,1029.0000000000
409583,13079720769164,btc_qm_engine,btc_sha256_nonce,3814782691.0000000000
409584,13079720769486,btc_qm_engine,btc_leading_zeros,0.0000000000
409585,13079720769742,btc_qm_engine,btc_sha256_nonce,3574524573.0000000000
409586,13079720769888,btc_qm_engine,btc_leading_zeros,1.0000000000
409587,13079720770060,btc_qm_engine,btc_sha256_nonce,12044132.0000000000
409588,13079720770142,btc_qm_engine,btc_leading_zeros,0.0000000000
409589,13079720770214,btc_qm_engine,btc_sha256_elapsed_ns,1054.0000000000
409590,13079720770395,btc_qm_engine,btc_sha256_nonce,2908854354.0000000000
409591,13079720770545,btc_qm_engine,btc_leading_zeros,0.0000000000
409592,13079720770773,btc_qm_engine,btc_sha256_elapsed_ns,794.0000000000
409593,13079720770982,btc_qm_engine,btc_sha256_nonce,3916828411.0000000000
409594,13079720771114,btc_qm_engine,btc_sha256_elapsed_ns,932.0000000000
409595,13079720771199,btc_qm_engine,btc_sha256_elapsed_ns,980.0000000000
409596,13079720771430,btc_qm_engine,btc_sha256_nonce,2203071566.0000000000
409597,13079720771495,btc_qm_engine,btc_leading_zeros,0.0000000000
409598,13079720771566,btc_qm_engine,btc_sha256_elapsed_ns,992.0000000000
409599,13079720772205,btc_qm_engine,btc_sha256_elapsed_ns,1028.0000000000
409600,13079720772338,btc_qm_engine,btc_sha256_nonce,253013167.0000000000
409601,13079720772416,btc_qm_engine,btc_leading_zeros,1.0000000000
409602,13079720772530,btc_qm_engine,btc_sha256_nonce,3092793832.0000000000
409603,13079720772730,btc_qm_engine,btc_leading_zeros,4.0000000000
409604,13079720772867,btc_qm_engine,btc_sha256_nonce,11845910.0000000000
409605,13079720773052,btc_qm_engine,btc_sha256_elapsed_ns,989.0000000000
409606,13079720773173,btc_qm_engine,btc_sha256_elapsed_ns,1013.0000000000
409607,13079720773419,btc_qm_engine,btc_sha256_nonce,334261137.0000000000
409608,13079720773530,btc_qm_engine,btc_leading_zeros,0.0000000000
409609,13079720773742,btc_qm_engine,btc_leading_zeros,0.0000000000
409610,13079720774000,btc_qm_engine,btc_sha256_nonce,1472140851.0000000000
409611,13079720774400,btc_qm_engine,btc_sha256_nonce,2035932861.0000000000
409612,13079720774534,btc_qm_engine,btc_sha256_nonce,252215118.0000000000
409613,13079720774735,btc_qm_engine,btc_leading_zeros,1.0000000000
409614,13079720775041,btc_qm_engine,btc_leading_zeros,1.0000000000
409615,13079720775234,btc_qm_engine,btc_sha256_elapsed_ns,793.0000000000
409616,13079720775452,btc_qm_engine,btc_sha256_elapsed_ns,920.0000000000
409617,13079720775533,btc_qm_engine,btc_leading_zeros,3.0000000000
409618,13079720775931,btc_qm_engine,btc_sha256_elapsed_ns,977.0000000000
409619,13079720776138,btc_qm_engine,btc_sha256_nonce,2757160749.0000000000
409620,13079720776460,btc_qm_engine,btc_leading_zeros,0.0000000000
409621,13079720776533,btc_qm_engine,btc_sha256_elapsed_ns,866.0000000000
409622,13079720776749,btc_qm_engine,btc_sha256_nonce,2259495016.0000000000
409623,13079720777016,btc_qm_engine,btc_sha256_elapsed_ns,977.0000000000
409624,13079720777158,btc_qm_engine,btc_leading_zeros,2.0000000000
409625,13079720777661,btc_qm_engine,btc_sha256_nonce,1246160004.0000000000
409626,13079720777810,btc_qm_engine,btc_sha256_elapsed_ns,979.0000000000
409627,13079720778001,btc_qm_engine,btc_leading_zeros,0.0000000000
409628,13079720778386,btc_qm_engine,btc_sha256_nonce,1929013536.0000000000
409629,13079720778505,btc_qm_engine,btc_sha256_elapsed_ns,1013.0000000000
409630,13079720778757,btc_qm_engine,btc_leading_zeros,0.0000000000
409631,13079720778841,btc_qm_engine,btc_sha256_elapsed_ns,915.0000000000
409632,13079720779108,btc_qm_engine,btc_sha256_nonce,2467241789.0000000000
409633,13079720779170,btc_qm_engine,btc_leading_zeros,4.0000000000
409634,13079720779225,btc_qm_engine,btc_sha256_elapsed_ns,951.0000000000
409635,13079720779565,btc_qm_engine,btc_sha256_nonce,1268336872.0000000000
409636,13079720779658,btc_qm_engine,btc_sha256_nonce,26910174.0000000000
409637,13079720779963,btc_qm_engine,btc_leading_zeros,0.0000000000
409638,13079720780116,btc_qm_engine,btc_sha256_nonce,3478567069.0000000000
409639,13079720780200,btc_qm_engine,btc_leading_zeros,4.0000000000
409640,13079720780281,btc_qm_engine,btc_sha256_elapsed_ns,952.0000000000
409641,13079720780369,btc_qm_engine,btc_sha256_elapsed_ns,976.0000000000
409642,13079720780666,btc_qm_engine,btc_sha256_nonce,1686684557.0000000000
409643,13079720780915,btc_qm_engine,btc_leading_zeros,0.0000000000
409644,13079720781325,btc_qm_engine,btc_sha256_nonce,4262224601.0000000000
409645,13079720781415,btc_qm_engine,btc_sha256_nonce,198268114.0000000000
409646,13079720781706,btc_qm_engine,btc_sha256_elapsed_ns,888.0000000000
409647,13079720782222,btc_qm_engine,btc_leading_zeros,2.0000000000
409648,13079720782447,btc_qm_engine,btc_leading_zeros,0.0000000000
409649,13079720782532,btc_qm_engine,btc_sha256_elapsed_ns,1017.0000000000
409650,13079720782777,btc_qm_engine,btc_sha256_elapsed_ns,896.0000000000
409651,13079720783510,btc_qm_engine,btc_sha256_nonce,253265894.0000000000
409652,13079720783604,btc_qm_engine,btc_leading_zeros,2.0000000000
409653,13079720783671,btc_qm_engine,btc_sha256_elapsed_ns,1019.0000000000
409654,13079720783813,btc_qm_engine,btc_sha256_nonce,626486404.0000000000
409655,13079720783887,btc_qm_engine,btc_leading_zeros,2.0000000000
409656,13079720784070,btc_qm_engine,btc_sha256_nonce,1787199620.0000000000
409657,13079720784412,btc_qm_engine,btc_sha256_elapsed_ns,1034.0000000000
409658,13079720784602,btc_qm_engine,btc_leading_zeros,0.0000000000
409659,13079720784676,btc_qm_engine,btc_sha256_elapsed_ns,1023.0000000000
409660,13079720784869,btc_qm_engine,btc_sha256_nonce,3168059413.0000000000
409661,13079720785240,btc_qm_engine,btc_leading_zeros,1.0000000000
409662,13079720785454,btc_qm_engine,btc_leading_zeros,0.0000000000
409663,13079720785559,btc_qm_engine,btc_sha256_elapsed_ns,934.0000000000
409664,13079720785685,btc_qm_engine,btc_sha256_elapsed_ns,929.0000000000
409665,13079720785904,btc_qm_engine,btc_sha256_nonce,1017302235.0000000000
409666,13079720786059,btc_qm_engine,btc_sha256_nonce,150699932.0000000000
409667,13079720786182,btc_qm_engine,btc_sha256_nonce,1053455246.0000000000
409668,13079720786536,btc_qm_engine,btc_leading_zeros,0.0000000000
409669,13079720786661,btc_qm_engine,btc_leading_zeros,1.0000000000
409670,13079720786855,btc_qm_engine,btc_sha256_nonce,252601198.0000000000
409671,13079720787023,btc_qm_engine,btc_sha256_elapsed_ns,974.0000000000
409672,13079720787556,btc_qm_engine,btc_sha256_elapsed_ns,1023.0000000000
409673,13079720787706,btc_qm_engine,btc_leading_zeros,0.0000000000
409674,13079720788025,btc_qm_engine,btc_sha256_elapsed_ns,1017.0000000000
409675,13079720788345,btc_qm_engine,btc_sha256_elapsed_ns,890.0000000000
409676,13079720788731,btc_qm_engine,btc_sha256_nonce,2724450080.0000000000
409677,13079720788794,btc_qm_engine,btc_leading_zeros,0.0000000000
409678,13079720789151,btc_qm_engine,btc_sha256_elapsed_ns,695.0000000000
409679,13079720789272,btc_qm_engine,btc_sha256_nonce,1331276194.0000000000
409680,13079720789742,btc_qm_engine,btc_sha256_nonce,2748885736.0000000000
409681,13079720789857,btc_qm_engine,btc_sha256_nonce,1100159161.0000000000
409682,13079720790113,btc_qm_engine,btc_leading_zeros,0.0000000000
409683,13079720790211,btc_qm_engine,btc_leading_zeros,0.0000000000
409684,13079720790407,btc_qm_engine,btc_sha256_nonce,2239739583.0000000000
409685,13079720790478,btc_qm_engine,btc_leading_zeros,0.0000000000
409686,13079720790557,btc_qm_engine,btc_sha256_elapsed_ns,1026.0000000000
409687,13079720790710,btc_qm_engine,btc_sha256_nonce,3846934717.0000000000
409688,13079720790909,btc_qm_engine,btc_sha256_elapsed_ns,1101.0000000000
409689,13079720791248,btc_qm_engine,btc_leading_zeros,0.0000000000
409690,13079720791376,btc_qm_engine,btc_leading_zeros,1.0000000000
409691,13079720791447,btc_qm_engine,btc_sha256_elapsed_ns,1021.0000000000
409692,13079720791752,btc_qm_engine,btc_sha256_nonce,2752648350.0000000000
409693,13079720792132,btc_qm_engine,btc_leading_zeros,0.0000000000
409694,13079720792397,btc_qm_engine,btc_leading_zeros,1.0000000000
409695,13079720792610,btc_qm_engine,btc_sha256_nonce,2535107277.0000000000
409696,13079720792761,btc_qm_engine,btc_sha256_elapsed_ns,1036.0000000000
409697,13079720792864,btc_qm_engine,btc_sha256_nonce,2678606782.0000000000
409698,13079720793060,btc_qm_engine,btc_sha256_elapsed_ns,948.0000000000
409699,13079720793262,btc_qm_engine,btc_sha256_elapsed_ns,928.0000000000
409700,13079720793406,btc_qm_engine,btc_leading_zeros,1.0000000000
409701,13079720793471,btc_qm_engine,btc_sha256_elapsed_ns,669.0000000000
409702,13079720793745,btc_qm_engine,btc_sha256_elapsed_ns,945.0000000000
409703,13079720794000,btc_qm_engine,btc_sha256_nonce,3198621567.0000000000
409704,13079720794275,btc_qm_engine,btc_sha256_nonce,197185364.0000000000
409705,13079720794351,btc_qm_engine,btc_leading_zeros,1.0000000000
409706,13079720794490,btc_qm_engine,btc_leading_zeros,0.0000000000
409707,13079720794566,btc_qm_engine,btc_sha256_elapsed_ns,965.0000000000
409708,13079720794707,btc_qm_engine,btc_sha256_elapsed_ns,933.0000000000
409709,13079720794901,btc_qm_engine,btc_sha256_nonce,947085652.0000000000
409710,13079720794969,btc_qm_engine,btc_leading_zeros,1.0000000000
409711,13079720795084,btc_qm_engine,btc_sha256_nonce,3084222080.0000000000
409712,13079720795257,btc_qm_engine,btc_leading_zeros,0.0000000000
409713,13079720795602,btc_qm_engine,btc_leading_zeros,1.0000000000
409714,13079720796038,btc_qm_engine,btc_sha256_nonce,3868089475.0000000000
409715,13079720796183,btc_qm_engine,btc_leading_zeros,0.0000000000
409716,13079720796233,btc_qm_engine,btc_sha256_elapsed_ns,885.0000000000
409717,13079720796383,btc_qm_engine,btc_sha256_elapsed_ns,1018.0000000000
409718,13079720796861,btc_qm_engine,btc_sha256_nonce,3263395440.0000000000
409719,13079720797198,btc_qm_engine,btc_sha256_nonce,197530829.0000000000
409720,13079720797399,btc_qm_engine,btc_leading_zeros,0.0000000000
409721,13079720797909,btc_qm_engine,btc_leading_zeros,0.0000000000
409722,13079720798003,btc_qm_engine,btc_leading_zeros,0.0000000000
409723,13079720798107,btc_qm_engine,btc_sha256_elapsed_ns,1029.0000000000
409724,13079720798301,btc_qm_engine,btc_sha256_elapsed_ns,1027.0000000000
409725,13079720798375,btc_qm_engine,btc_sha256_nonce,848263253.0000000000
409726,13079720798571,btc_qm_engine,btc_sha256_elapsed_ns,739.0000000000
409727,13079720798657,btc_qm_engine,btc_sha256_elapsed_ns,904.0000000000
409728,13079720798919,btc_qm_engine,btc_leading_zeros,0.0000000000
409729,13079720798991,btc_qm_engine,btc_sha256_elapsed_ns,886.0000000000
409730,13079720799409,btc_qm_engine,btc_sha256_nonce,3298186709.0000000000
409731,13079720799548,btc_qm_engine,btc_sha256_nonce,117996719.0000000000
409732,13079720799645,btc_qm_engine,btc_leading_zeros,0.0000000000
409733,13079720799725,btc_qm_engine,btc_sha256_elapsed_ns,982.0000000000
409734,13079720799814,btc_qm_engine,btc_sha256_elapsed_ns,1043.0000000000
409735,13079720799947,btc_qm_engine,btc_sha256_nonce,2763347393.0000000000
409736,13079720800020,btc_qm_engine,btc_leading_zeros,1.0000000000
409737,13079720800275,btc_qm_engine,btc_sha256_nonce,4179321602.0000000000
409738,13079720800463,btc_qm_engine,btc_leading_zeros,0.0000000000
409739,13079720800954,btc_qm_engine,btc_sha256_nonce,1643299673.0000000000
409740,13079720801054,btc_qm_engine,btc_sha256_elapsed_ns,1044.0000000000
409741,13079720801314,btc_qm_engine,btc_sha256_elapsed_ns,1048.0000000000
409742,13079720802093,btc_qm_engine,btc_sha256_nonce,11739077.0000000000
409743,13079720802421,btc_qm_engine,btc_leading_zeros,1.0000000000
409744,13079720802490,btc_qm_engine,btc_sha256_elapsed_ns,836.0000000000
409745,13079720802975,btc_qm_engine,btc_sha256_nonce,2071574510.0000000000
409746,13079720803045,btc_qm_engine,btc_leading_zeros,3.0000000000
409747,13079720803124,btc_qm_engine,btc_sha256_elapsed_ns,704.0000000000
409748,13079720803237,btc_qm_engine,btc_sha256_nonce,947012944.0000000000
409749,13079720803310,btc_qm_engine,btc_leading_zeros,1.0000000000
409750,13079720803377,btc_qm_engine,btc_sha256_elapsed_ns,1059.0000000000
409751,13079720803505,btc_qm_engine,btc_sha256_nonce,575369076.0000000000
409752,13079720803734,btc_qm_engine,btc_sha256_nonce,2303082731.0000000000
409753,13079720803831,btc_qm_engine,btc_leading_zeros,0.0000000000
409754,13079720803896,btc_qm_engine,btc_sha256_elapsed_ns,996.0000000000
409755,13079720804090,btc_qm_engine,btc_leading_zeros,0.0000000000
409756,13079720804324,btc_qm_engine,btc_sha256_nonce,2620564927.0000000000
409757,13079720804520,btc_qm_engine,btc_leading_zeros,1.0000000000
409758,13079720804649,btc_qm_engine,btc_sha256_nonce,296142074.0000000000
409759,13079720805056,btc_qm_engine,btc_sha256_elapsed_ns,979.0000000000
409760,13079720805250,btc_qm_engine,btc_leading_zeros,0.0000000000
409761,13079720805329,btc_qm_engine,btc_sha256_elapsed_ns,970.0000000000
409762,13079720805554,btc_qm_engine,btc_sha256_elapsed_ns,1071.0000000000
409763,13079720805679,btc_qm_engine,btc_sha256_nonce,1294100231.0000000000
409764,13079720805966,btc_qm_engine,btc_sha256_nonce,3885447878.0000000000
409765,13079720806097,btc_qm_engine,btc_leading_zeros,1.0000000000
409766,13079720806175,btc_qm_engine,btc_sha256_elapsed_ns,964.0000000000
409767,13079720806373,btc_qm_engine,btc_leading_zeros,0.0000000000
409768,13079720806450,btc_qm_engine,btc_sha256_elapsed_ns,1024.0000000000
409769,13079720806585,btc_qm_engine,btc_sha256_nonce,2052387036.0000000000
409770,13079720806985,btc_qm_engine,btc_sha256_nonce,3465810787.0000000000
409771,13079720807125,btc_qm_engine,btc_leading_zeros,0.0000000000
409772,13079720807449,btc_qm_engine,btc_sha256_nonce,3654223437.0000000000
409773,13079720807534,btc_qm_engine,btc_leading_zeros,4.0000000000
409774,13079720807601,btc_qm_engine,btc_leading_zeros,0.0000000000
409775,13079720807848,btc_qm_engine,btc_sha256_nonce,4190378297.0000000000
409776,13079720807976,btc_qm_engine,btc_sha256_elapsed_ns,1033.0000000000
409777,13079720808134,btc_qm_engine,btc_sha256_elapsed_ns,985.0000000000
409778,13079720808434,btc_qm_engine,btc_sha256_nonce,3439655654.0000000000
409779,13079720808795,btc_qm_engine,btc_leading_zeros,2.0000000000
409780,13079720808933,btc_qm_engine,btc_leading_zeros,1.0000000000
409781,13079720809139,btc_qm_engine,btc_leading_zeros,1.0000000000
409782,13079720809262,btc_qm_engine,btc_sha256_nonce,781728417.0000000000
409783,13079720809508,btc_qm_engine,btc_sha256_elapsed_ns,992.0000000000
409784,13079720809621,btc_qm_engine,btc_sha256_elapsed_ns,1011.0000000000
409785,13079720810088,btc_qm_engine,btc_sha256_nonce,717486762.0000000000
409786,13079720810175,btc_qm_engine,btc_leading_zeros,0.0000000000
409787,13079720810698,btc_qm_engine,btc_sha256_elapsed_ns,940.0000000000
409788,13079720810879,btc_qm_engine,btc_leading_zeros,0.0000000000
409789,13079720811283,btc_qm_engine,btc_sha256_nonce,4191288134.0000000000
409790,13079720811365,btc_qm_engine,btc_leading_zeros,0.0000000000
409791,13079720811426,btc_qm_engine,btc_sha256_elapsed_ns,980.0000000000
409792,13079720811585,btc_qm_engine,btc_sha256_elapsed_ns,938.0000000000
409793,13079720812771,btc_qm_engine,btc_sha256_nonce,2733813154.0000000000
409794,13079720812845,btc_qm_engine,btc_leading_zeros,1.0000000000
409795,13079720812906,btc_qm_engine,btc_sha256_elapsed_ns,1039.0000000000
409796,13079720813045,btc_qm_engine,btc_sha256_nonce,3367586933.0000000000
409797,13079720813114,btc_qm_engine,btc_leading_zeros,3.0000000000
409798,13079720813188,btc_qm_engine,btc_sha256_elapsed_ns,1005.0000000000
409799,13079720813384,btc_qm_engine,btc_sha256_nonce,2117932482.0000000000
409800,13079720813448,btc_qm_engine,btc_leading_zeros,2.0000000000
409801,13079720813511,btc_qm_engine,btc_sha256_elapsed_ns,1010.0000000000
409802,13079720814156,btc_qm_engine,btc_sha256_nonce,2386815737.0000000000
409803,13079720814476,btc_qm_engine,btc_sha256_nonce,3272972266.0000000000
409804,13079720814582,btc_qm_engine,btc_sha256_elapsed_ns,1032.0000000000
409805,13079720814842,btc_qm_engine,btc_sha256_nonce,1436784889.0000000000
409806,13079720815455,btc_qm_engine,btc_leading_zeros,3.0000000000
409807,13079720815512,btc_qm_engine,btc_sha256_elapsed_ns,979.0000000000
409808,13079720815759,btc_qm_engine,btc_leading_zeros,2.0000000000
409809,13079720816112,btc_qm_engine,btc_sha256_elapsed_ns,965.0000000000
409810,13079720816329,btc_qm_engine,btc_leading_zeros,1.0000000000
409811,13079720816945,btc_qm_engine,btc_sha256_elapsed_ns,957.0000000000
409812,13079720817340,btc_qm_engine,btc_sha256_nonce,3665572345.0000000000
409813,13079720817481,btc_qm_engine,btc_sha256_elapsed_ns,1038.0000000000
409814,13079720817730,btc_qm_engine,btc_leading_zeros,0.0000000000
409815,13079720818205,btc_qm_engine,btc_sha256_nonce,3264240878.0000000000
409816,13079720818359,btc_qm_engine,btc_sha256_elapsed_ns,846.0000000000
409817,13079720818499,btc_qm_engine,btc_sha256_nonce,3048515095.0000000000
409818,13079720818689,btc_qm_engine,btc_leading_zeros,0.0000000000
409819,13079720818946,btc_qm_engine,btc_sha256_nonce,197148698.0000000000
409820,13079720819049,btc_qm_engine,btc_leading_zeros,2.0000000000
409821,13079720819121,btc_qm_engine,btc_sha256_elapsed_ns,966.0000000000
409822,13079720819321,btc_qm_engine,btc_sha256_elapsed_ns,1001.0000000000
409823,13079720819554,btc_qm_engine,btc_sha256_nonce,2349973109.0000000000
409824,13079720819852,btc_qm_engine,btc_sha256_nonce,2067525002.0000000000
409825,13079720819965,btc_qm_engine,btc_leading_zeros,0.0000000000
409826,13079720820341,btc_qm_engine,btc_sha256_nonce,954500912.0000000000
409827,13079720820515,btc_qm_engine,btc_sha256_nonce,3264236445.0000000000
409828,13079720820660,btc_qm_engine,btc_leading_zeros,0.0000000000
409829,13079720821162,btc_qm_engine,btc_leading_zeros,4.0000000000
409830,13079720821322,btc_qm_engine,btc_leading_zeros,0.0000000000
409831,13079720821484,btc_qm_engine,btc_sha256_nonce,197986727.0000000000
409832,13079720821592,btc_qm_engine,btc_sha256_elapsed_ns,872.0000000000
409833,13079720821755,btc_qm_engine,btc_sha256_elapsed_ns,927.0000000000
409834,13079720822180,btc_qm_engine,btc_sha256_elapsed_ns,974.0000000000
409835,13079720822503,btc_qm_engine,btc_sha256_nonce,2764753041.0000000000
409836,13079720822863,btc_qm_engine,btc_sha256_elapsed_ns,1079.0000000000
409837,13079720822953,btc_qm_engine,btc_leading_zeros,2.0000000000
409838,13079720823285,btc_qm_engine,btc_leading_zeros,0.0000000000
409839,13079720823466,btc_qm_engine,btc_sha256_elapsed_ns,980.0000000000
409840,13079720823736,btc_qm_engine,btc_sha256_elapsed_ns,695.0000000000
409841,13079720823838,btc_qm_engine,btc_sha256_nonce,3410989242.0000000000
409842,13079720824178,btc_qm_engine,btc_leading_zeros,4.0000000000
409843,13079720824248,btc_qm_engine,btc_sha256_elapsed_ns,977.0000000000
409844,13079720824487,btc_qm_engine,btc_sha256_nonce,2959599584.0000000000
409845,13079720824560,btc_qm_engine,btc_leading_zeros,4.0000000000
409846,13079720824627,btc_qm_engine,btc_sha256_elapsed_ns,1015.0000000000
409847,13079720824988,btc_qm_engine,btc_sha256_nonce,2277265394.0000000000
409848,13079720825058,btc_qm_engine,btc_leading_zeros,0.0000000000
409849,13079720825197,btc_qm_engine,btc_sha256_elapsed_ns,1036.0000000000
409850,13079720825522,btc_qm_engine,btc_sha256_nonce,545750809.0000000000
409851,13079720825836,btc_qm_engine,btc_sha256_nonce,861897295.0000000000
409852,13079720826292,btc_qm_engine,btc_leading_zeros,0.0000000000
409853,13079720826546,btc_qm_engine,btc_sha256_nonce,3645004068.0000000000
409854,13079720826847,btc_qm_engine,btc_sha256_elapsed_ns,858.0000000000
409855,13079720827140,btc_qm_engine,btc_sha256_nonce,3034634682.0000000000
409856,13079720827235,btc_qm_engine,btc_leading_zeros,1.0000000000
409857,13079720827652,btc_qm_engine,btc_leading_zeros,4.0000000000
409858,13079720827825,btc_qm_engine,btc_leading_zeros,0.0000000000
409859,13079720827897,btc_qm_engine,btc_sha256_elapsed_ns,973.0000000000
409860,13079720828197,btc_qm_engine,btc_sha256_elapsed_ns,739.0000000000
409861,13079720828382,btc_qm_engine,btc_sha256_elapsed_ns,1032.0000000000
409862,13079720828641,btc_qm_engine,btc_leading_zeros,1.0000000000
409863,13079720828757,btc_qm_engine,btc_sha256_elapsed_ns,965.0000000000
409864,13079720828943,btc_qm_engine,btc_sha256_nonce,2970347816.0000000000
409865,13079720829208,btc_qm_engine,btc_sha256_nonce,1517221704.0000000000
409866,13079720829424,btc_qm_engine,btc_leading_zeros,3.0000000000
409867,13079720829776,btc_qm_engine,btc_sha256_nonce,947013431.0000000000
409868,13079720829916,btc_qm_engine,btc_sha256_elapsed_ns,985.0000000000
409869,13079720830042,btc_qm_engine,btc_sha256_nonce,3339157718.0000000000
409870,13079720830168,btc_qm_engine,btc_leading_zeros,1.0000000000
409871,13079720830224,btc_qm_engine,btc_sha256_elapsed_ns,1018.0000000000
409872,13079720830427,btc_qm_engine,btc_leading_zeros,1.0000000000
409873,13079720830737,btc_qm_engine,btc_leading_zeros,0.0000000000
409874,13079720830902,btc_qm_engine,btc_sha256_nonce,3466979145.0000000000
409875,13079720831163,btc_qm_engine,btc_sha256_nonce,2506829119.0000000000
409876,13079720831344,btc_qm_engine,btc_leading_zeros,0.0000000000
409877,13079720831569,btc_qm_engine,btc_sha256_nonce,3384775895.0000000000
409878,13079720831860,btc_qm_engine,btc_leading_zeros,0.0000000000
409879,13079720832486,btc_qm_engine,btc_sha256_elapsed_ns,983.0000000000
409880,13079720832569,btc_qm_engine,btc_sha256_elapsed_ns,1065.0000000000
409881,13079720832898,btc_qm_engine,btc_sha256_nonce,3255612771.0000000000
409882,13079720833287,btc_qm_engine,btc_leading_zeros,0.0000000000
409883,13079720833608,btc_qm_engine,btc_leading_zeros,0.0000000000
409884,13079720833723,btc_qm_engine,btc_sha256_elapsed_ns,842.0000000000
409885,13079720833890,btc_qm_engine,btc_sha256_elapsed_ns,812.0000000000
409886,13079720834506,btc_qm_engine,btc_sha256_nonce,896945939.0000000000
409887,13079720834834,btc_qm_engine,btc_leading_zeros,1.0000000000
409888,13079720835163,btc_qm_engine,btc_sha256_elapsed_ns,1055.0000000000
409889,13079720835474,btc_qm_engine,btc_sha256_nonce,2929012674.0000000000
409890,13079720835610,btc_qm_engine,btc_sha256_nonce,2460173242.0000000000
409891,13079720836009,btc_qm_engine,btc_sha256_elapsed_ns,1027.0000000000
409892,13079720836185,btc_qm_engine,btc_leading_zeros,2.0000000000
409893,13079720836502,btc_qm_engine,btc_leading_zeros,1.0000000000
409894,13079720837062,btc_qm_engine,btc_sha256_nonce,197411486.0000000000
409895,13079720837224,btc_qm_engine,btc_sha256_elapsed_ns,996.0000000000
409896,13079720837381,btc_qm_engine,btc_leading_zeros,1.0000000000
409897,13079720837447,btc_qm_engine,btc_sha256_elapsed_ns,934.0000000000
409898,13079720837657,btc_qm_engine,btc_sha256_nonce,776149040.0000000000
409899,13079720837989,btc_qm_engine,btc_leading_zeros,0.0000000000
409900,13079720838337,btc_qm_engine,btc_sha256_elapsed_ns,1089.0000000000
409901,13079720838952,btc_qm_engine,btc_sha256_nonce,198182995.0000000000
409902,13079720839309,btc_qm_engine,btc_sha256_nonce,304132512.0000000000
409903,13079720839596,btc_qm_engine,btc_leading_zeros,0.0000000000
409904,13079720839719,btc_qm_engine,btc_sha256_elapsed_ns,691.0000000000
409905,13079720839897,btc_qm_engine,btc_sha256_elapsed_ns,967.0000000000
409906,13079720840172,btc_qm_engine,btc_sha256_nonce,946860619.0000000000
409907,13079720840277,btc_qm_engine,btc_leading_zeros,0.0000000000
409908,13079720840328,btc_qm_engine,btc_sha256_elapsed_ns,855.0000000000
409909,13079720840774,btc_qm_engine,btc_sha256_elapsed_ns,1049.0000000000
409910,13079720840853,btc_qm_engine,btc_sha256_nonce,2383665935.0000000000
409911,13079720840923,btc_qm_engine,btc_leading_zeros,4.0000000000
409912,13079720840997,btc_qm_engine,btc_sha256_elapsed_ns,868.0000000000
409913,13079720841425,btc_qm_engine,btc_leading_zeros,2.0000000000
409914,13079720841550,btc_qm_engine,btc_sha256_nonce,1348743956.0000000000
409915,13079720841619,btc_qm_engine,btc_leading_zeros,1.0000000000
409916,13079720841668,btc_qm_engine,btc_sha256_elapsed_ns,705.0000000000
409917,13079720841782,btc_qm_engine,btc_sha256_nonce,3263736844.0000000000
409918,13079720842095,btc_qm_engine,btc_leading_zeros,0.0000000000
409919,13079720842258,btc_qm_engine,btc_sha256_elapsed_ns,985.0000000000
409920,13079720842465,btc_qm_engine,btc_sha256_elapsed_ns,967.0000000000
409921,13079720842624,btc_qm_engine,btc_leading_zeros,0.0000000000
409922,13079720842793,btc_qm_engine,btc_sha256_nonce,1013317518.0000000000
409923,13079720843219,btc_qm_engine,btc_leading_zeros,2.0000000000
409924,13079720843266,btc_qm_engine,btc_sha256_elapsed_ns,894.0000000000
409925,13079720843379,btc_qm_engine,btc_sha256_nonce,3372897194.0000000000
409926,13079720843689,btc_qm_engine,btc_leading_zeros,1.0000000000
409927,13079720843750,btc_qm_engine,btc_sha256_elapsed_ns,1060.0000000000
409928,13079720843990,btc_qm_engine,btc_sha256_nonce,252434815.0000000000
409929,13079720844179,btc_qm_engine,btc_sha256_nonce,943466910.0000000000
409930,13079720844364,btc_qm_engine,btc_leading_zeros,0.0000000000
409931,13079720844585,btc_qm_engine,btc_sha256_nonce,2034723086.0000000000
409932,13079720844901,btc_qm_engine,btc_sha256_elapsed_ns,1084.0000000000
409933,13079720845105,btc_qm_engine,btc_sha256_nonce,1477109826.0000000000
409934,13079720845379,btc_qm_engine,btc_sha256_nonce,2708728086.0000000000
409935,13079720845835,btc_qm_engine,btc_leading_zeros,0.0000000000
409936,13079720845953,btc_qm_engine,btc_leading_zeros,1.0000000000
409937,13079720846112,btc_qm_engine,btc_sha256_nonce,3643800882.0000000000
409938,13079720846191,btc_qm_engine,btc_leading_zeros,0.0000000000
409939,13079720846282,btc_qm_engine,btc_sha256_elapsed_ns,887.0000000000
409940,13079720846452,btc_qm_engine,btc_leading_zeros,3.0000000000
409941,13079720846636,btc_qm_engine,btc_sha256_elapsed_ns,695.0000000000
409942,13079720846931,btc_qm_engine,btc_sha256_elapsed_ns,888.0000000000
409943,13079720847114,btc_qm_engine,btc_sha256_elapsed_ns,1064.0000000000
409944,13079720847380,btc_qm_engine,btc_leading_zeros,1.0000000000
409945,13079720847485,btc_qm_engine,btc_sha256_elapsed_ns,921.0000000000
409946,13079720848003,btc_qm_engine,btc_sha256_nonce,2770924679.0000000000
409947,13079720848125,btc_qm_engine,btc_sha256_nonce,279090452.0000000000
409948,13079720848393,btc_qm_engine,btc_leading_zeros,0.0000000000
409949,13079720848501,btc_qm_engine,btc_leading_zeros,0.0000000000
409950,13079720848801,btc_qm_engine,btc_sha256_nonce,3836473544.0000000000
409951,13079720848881,btc_qm_engine,btc_leading_zeros,4.0000000000
409952,13079720849096,btc_qm_engine,btc_sha256_elapsed_ns,1034.0000000000
409953,13079720849316,btc_qm_engine,btc_sha256_elapsed_ns,988.0000000000
409954,13079720849452,btc_qm_engine,btc_sha256_elapsed_ns,1089.0000000000
409955,13079720849707,btc_qm_engine,btc_sha256_nonce,1075059425.0000000000
409956,13079720849876,btc_qm_engine,btc_sha256_elapsed_ns,1029.0000000000
409957,13079720850385,btc_qm_engine,btc_sha256_nonce,1640721044.0000000000
409958,13079720850461,btc_qm_engine,btc_leading_zeros,4.0000000000
409959,13079720850530,btc_qm_engine,btc_sha256_elapsed_ns,838.0000000000
409960,13079720850909,btc_qm_engine,btc_leading_zeros,3.0000000000
409961,13079720851319,btc_qm_engine,btc_sha256_elapsed_ns,921.0000000000
409962,13079720851617,btc_qm_engine,btc_sha256_nonce,2807392371.0000000000
409963,13079720851705,btc_qm_engine,btc_leading_zeros,1.0000000000
409964,13079720851784,btc_qm_engine,btc_sha256_elapsed_ns,813.0000000000
409965,13079720852165,btc_qm_engine,btc_sha256_nonce,4089359539.0000000000
409966,13079720852236,btc_qm_engine,btc_leading_zeros,0.0000000000
409967,13079720852303,btc_qm_engine,btc_sha256_elapsed_ns,1037.0000000000
409968,13079720852575,btc_qm_engine,btc_sha256_nonce,947153427.0000000000
409969,13079720852648,btc_qm_engine,btc_leading_zeros,2.0000000000
409970,13079720852717,btc_qm_engine,btc_sha256_elapsed_ns,1024.0000000000
409971,13079720852899,btc_qm_engine,btc_sha256_nonce,540824643.0000000000
409972,13079720853027,btc_qm_engine,btc_sha256_nonce,2766493151.0000000000
409973,13079720853114,btc_qm_engine,btc_leading_zeros,2.0000000000
409974,13079720853178,btc_qm_engine,btc_sha256_elapsed_ns,1040.0000000000
409975,13079720853246,btc_qm_engine,btc_leading_zeros,1.0000000000
409976,13079720853317,btc_qm_engine,btc_sha256_elapsed_ns,1072.0000000000
409977,13079720853596,btc_qm_engine,btc_sha256_nonce,874182288.0000000000
409978,13079720853670,btc_qm_engine,btc_leading_zeros,4.0000000000
409979,13079720853737,btc_qm_engine,btc_sha256_elapsed_ns,1046.0000000000
409980,13079720853972,btc_qm_engine,btc_sha256_nonce,4097818140.0000000000
409981,13079720854047,btc_qm_engine,btc_leading_zeros,0.0000000000
409982,13079720854143,btc_qm_engine,btc_sha256_elapsed_ns,993.0000000000
409983,13079720854421,btc_qm_engine,btc_sha256_nonce,1573722450.0000000000
409984,13079720854586,btc_qm_engine,btc_sha256_nonce,634148947.0000000000
409985,13079720854956,btc_qm_engine,btc_leading_zeros,0.0000000000
409986,13079720855101,btc_qm_engine,btc_sha256_nonce,2467625441.0000000000
409987,13079720855172,btc_qm_engine,btc_leading_zeros,1.0000000000
409988,13079720855254,btc_qm_engine,btc_sha256_elapsed_ns,827.0000000000
409989,13079720855494,btc_qm_engine,btc_sha256_nonce,1425207717.0000000000
409990,13079720855572,btc_qm_engine,btc_leading_zeros,0.0000000000
409991,13079720855819,btc_qm_engine,btc_leading_zeros,0.0000000000
409992,13079720855889,btc_qm_engine,btc_sha256_elapsed_ns,1049.0000000000
409993,13079720856030,btc_qm_engine,btc_sha256_elapsed_ns,1049.0000000000
409994,13079720856172,btc_qm_engine,btc_sha256_nonce,2278958417.0000000000
409995,13079720856382,btc_qm_engine,btc_sha256_nonce,1994596244.0000000000
409996,13079720856541,btc_qm_engine,btc_leading_zeros,0.0000000000
409997,13079720856606,btc_qm_engine,btc_sha256_elapsed_ns,701.0000000000
409998,13079720856782,btc_qm_engine,btc_leading_zeros,0.0000000000
409999,13079720856855,btc_qm_engine,btc_sha256_elapsed_ns,1059.0000000000
410000,13079720857032,btc_qm_engine,btc_sha256_elapsed_ns,937.0000000000
410001,13079720857206,btc_qm_engine,btc_sha256_nonce,1203626812.0000000000
410002,13079720857295,btc_qm_engine,btc_leading_zeros,0.0000000000
410003,13079720857373,btc_qm_engine,btc_sha256_elapsed_ns,1030.0000000000
410004,13079720857538,btc_qm_engine,btc_sha256_nonce,1574266763.0000000000
410005,13079720857626,btc_qm_engine,btc_leading_zeros,0.0000000000
410006,13079720857686,btc_qm_engine,btc_sha256_elapsed_ns,1033.0000000000
410007,13079720858125,btc_qm_engine,btc_sha256_nonce,913592929.0000000000
410008,13079720858527,btc_qm_engine,btc_sha256_nonce,2576145103.0000000000
410009,13079720858738,btc_qm_engine,btc_sha256_nonce,252654729.0000000000
410010,13079720858807,btc_qm_engine,btc_leading_zeros,2.0000000000
410011,13079720858885,btc_qm_engine,btc_sha256_elapsed_ns,1058.0000000000
410012,13079720859009,btc_qm_engine,btc_sha256_nonce,3720555794.0000000000
410013,13079720859478,btc_qm_engine,btc_leading_zeros,1.0000000000
410014,13079720860024,btc_qm_engine,btc_sha256_nonce,2340729371.0000000000
410015,13079720860186,btc_qm_engine,btc_leading_zeros,2.0000000000
410016,13079720860355,btc_qm_engine,btc_sha256_elapsed_ns,1012.0000000000
410017,13079720860678,btc_qm_engine,btc_sha256_nonce,589212135.0000000000
410018,13079720860898,btc_qm_engine,btc_sha256_elapsed_ns,1019.0000000000
410019,13079720861018,btc_qm_engine,btc_sha256_nonce,1982956228.0000000000
410020,13079720861106,btc_qm_engine,btc_leading_zeros,1.0000000000
410021,13079720861175,btc_qm_engine,btc_sha256_elapsed_ns,966.0000000000
410022,13079720861363,btc_qm_engine,btc_leading_zeros,1.0000000000
410023,13079720861625,btc_qm_engine,btc_sha256_elapsed_ns,989.0000000000
410024,13079720861825,btc_qm_engine,btc_sha256_nonce,2467784587.0000000000
410025,13079720861891,btc_qm_engine,btc_leading_zeros,1.0000000000
410026,13079720861960,btc_qm_engine,btc_sha256_elapsed_ns,889.0000000000
410027,13079720862530,btc_qm_engine,btc_sha256_nonce,2307198752.0000000000
410028,13079720862696,btc_qm_engine,btc_sha256_nonce,3423516443.0000000000
410029,13079720862973,btc_qm_engine,btc_leading_zeros,0.0000000000
410030,13079720863047,btc_qm_engine,btc_sha256_elapsed_ns,1003.0000000000
410031,13079720863202,btc_qm_engine,btc_leading_zeros,2.0000000000
410032,13079720863384,btc_qm_engine,btc_sha256_nonce,1271677162.0000000000
410033,13079720863568,btc_qm_engine,btc_sha256_elapsed_ns,701.0000000000
410034,13079720863769,btc_qm_engine,btc_leading_zeros,1.0000000000
410035,13079720864153,btc_qm_engine,btc_sha256_elapsed_ns,1051.0000000000
410036,13079720864430,btc_qm_engine,btc_sha256_nonce,3852216812.0000000000
410037,13079720864770,btc_qm_engine,btc_leading_zeros,0.0000000000
410038,13079720864818,btc_qm_engine,btc_sha256_elapsed_ns,1014.0000000000
410039,13079720864881,btc_qm_engine,btc_sha256_nonce,505010468.0000000000
410040,13079720865188,btc_qm_engine,btc_leading_zeros,0.0000000000
410041,13079720865261,btc_qm_engine,btc_sha256_elapsed_ns,954.0000000000
410042,13079720865398,btc_qm_engine,btc_sha256_nonce,3429950956.0000000000
410043,13079720865824,btc_qm_engine,btc_leading_zeros,1.0000000000
410044,13079720866228,btc_qm_engine,btc_sha256_nonce,1085643886.0000000000
410045,13079720866399,btc_qm_engine,btc_sha256_nonce,2600048810.0000000000
410046,13079720866516,btc_qm_engine,btc_sha256_elapsed_ns,1040.0000000000
410047,13079720867037,btc_qm_engine,btc_leading_zeros,1.0000000000
410048,13079720867234,btc_qm_engine,btc_leading_zeros,4.0000000000
410049,13079720867751,btc_qm_engine,btc_leading_zeros,2.0000000000
410050,13079720868135,btc_qm_engine,btc_sha256_elapsed_ns,1038.0000000000
410051,13079720868240,btc_qm_engine,btc_sha256_elapsed_ns,989.0000000000
410052,13079720868543,btc_qm_engine,btc_sha256_nonce,1434214039.0000000000
410053,13079720868945,btc_qm_engine,btc_leading_zeros,0.0000000000
410054,13079720869084,btc_qm_engine,btc_sha256_nonce,728186127.0000000000
410055,13079720869382,btc_qm_engine,btc_leading_zeros,0.0000000000
410056,13079720869549,btc_qm_engine,btc_sha256_elapsed_ns,695.0000000000
410057,13079720869734,btc_qm_engine,btc_sha256_elapsed_ns,1043.0000000000
410058,13079720869999,btc_qm_engine,btc_sha256_elapsed_ns,1070.0000000000
410059,13079720870571,btc_qm_engine,btc_sha256_nonce,4283857262.0000000000
410060,13079720870648,btc_qm_engine,btc_leading_zeros,0.0000000000
410061,13079720870717,btc_qm_engine,btc_sha256_elapsed_ns,1077.0000000000
410062,13079720870998,btc_qm_engine,btc_sha256_nonce,448369433.0000000000
410063,13079720871092,btc_qm_engine,btc_leading_zeros,1.0000000000
410064,13079720871161,btc_qm_engine,btc_sha256_elapsed_ns,1022.0000000000
410065,13079720871243,btc_qm_engine,btc_sha256_nonce,963622740.0000000000
410066,13079720871556,btc_qm_engine,btc_leading_zeros,4.0000000000
410067,13079720871636,btc_qm_engine,btc_sha256_elapsed_ns,1020.0000000000
410068,13079720871959,btc_qm_engine,btc_sha256_nonce,2876182400.0000000000
410069,13079720872032,btc_qm_engine,btc_leading_zeros,0.0000000000
410070,13079720872359,btc_qm_engine,btc_sha256_elapsed_ns,1001.0000000000
410071,13079720872847,btc_qm_engine,btc_leading_zeros,0.0000000000
410072,13079720873049,btc_qm_engine,btc_sha256_nonce,1630465984.0000000000
410073,13079720873347,btc_qm_engine,btc_sha256_nonce,252876580.0000000000
410074,13079720873542,btc_qm_engine,btc_sha256_elapsed_ns,820.0000000000
410075,13079720873831,btc_qm_engine,btc_sha256_nonce,4176598701.0000000000
410076,13079720873899,btc_qm_engine,btc_leading_zeros,2.0000000000
410077,13079720873992,btc_qm_engine,btc_sha256_nonce,1911676476.0000000000
410078,13079720874253,btc_qm_engine,btc_leading_zeros,0.0000000000
410079,13079720874395,btc_qm_engine,btc_leading_zeros,3.0000000000
410080,13079720874697,btc_qm_engine,btc_sha256_elapsed_ns,882.0000000000
410081,13079720874892,btc_qm_engine,btc_sha256_elapsed_ns,859.0000000000
410082,13079720875250,btc_qm_engine,btc_sha256_elapsed_ns,1026.0000000000
410083,13079720875522,btc_qm_engine,btc_sha256_nonce,1732589017.0000000000
410084,13079720875715,btc_qm_engine,btc_leading_zeros,0.0000000000
410085,13079720875956,btc_qm_engine,btc_sha256_nonce,645334875.0000000000
410086,13079720876028,btc_qm_engine,btc_leading_zeros,4.0000000000
410087,13079720876136,btc_qm_engine,btc_sha256_elapsed_ns,962.0000000000
410088,13079720876280,btc_qm_engine,btc_sha256_elapsed_ns,996.0000000000
410089,13079720876490,btc_qm_engine,btc_leading_zeros,0.0000000000
410090,13079720876618,btc_qm_engine,btc_sha256_nonce,3346257604.0000000000
410091,13079720876817,btc_qm_engine,btc_sha256_nonce,213773884.0000000000
410092,13079720876949,btc_qm_engine,btc_sha256_elapsed_ns,1040.0000000000
410093,13079720877194,btc_qm_engine,btc_leading_zeros,0.0000000000
410094,13079720877723,btc_qm_engine,btc_sha256_nonce,1546114789.0000000000
410095,13079720877864,btc_qm_engine,btc_sha256_nonce,3421662314.0000000000
410096,13079720877947,btc_qm_engine,btc_leading_zeros,2.0000000000
410097,13079720878016,btc_qm_engine,btc_sha256_elapsed_ns,1052.0000000000
410098,13079720878130,btc_qm_engine,btc_leading_zeros,1.0000000000
410099,13079720878468,btc_qm_engine,btc_sha256_elapsed_ns,891.0000000000
410100,13079720879093,btc_qm_engine,btc_sha256_nonce,45192115.0000000000
410101,13079720879631,btc_qm_engine,btc_sha256_nonce,947618553.0000000000
410102,13079720880214,btc_qm_engine,btc_sha256_elapsed_ns,1031.0000000000
410103,13079720880379,btc_qm_engine,btc_leading_zeros,0.0000000000
410104,13079720880701,btc_qm_engine,btc_sha256_elapsed_ns,1028.0000000000
410105,13079720881710,btc_qm_engine,btc_sha256_nonce,3977221077.0000000000
410106,13079720881795,btc_qm_engine,btc_leading_zeros,0.0000000000
410107,13079720881853,btc_qm_engine,btc_sha256_elapsed_ns,965.0000000000
410108,13079720881994,btc_qm_engine,btc_leading_zeros,0.0000000000
410109,13079720882376,btc_qm_engine,btc_sha256_nonce,1436337957.0000000000
410110,13079720882531,btc_qm_engine,btc_sha256_elapsed_ns,943.0000000000
410111,13079720882813,btc_qm_engine,btc_leading_zeros,0.0000000000
410112,13079720882995,btc_qm_engine,btc_sha256_nonce,12008564.0000000000
410113,13079720883073,btc_qm_engine,btc_leading_zeros,1.0000000000
410114,13079720883138,btc_qm_engine,btc_sha256_elapsed_ns,878.0000000000
410115,13079720883356,btc_qm_engine,btc_sha256_nonce,2799488776.0000000000
410116,13079720883803,btc_qm_engine,btc_leading_zeros,2.0000000000
410117,13079720883876,btc_qm_engine,btc_sha256_elapsed_ns,953.0000000000
410118,13079720884010,btc_qm_engine,btc_sha256_nonce,1345990247.0000000000
410119,13079720884186,btc_qm_engine,btc_sha256_nonce,2894803222.0000000000
410120,13079720884402,btc_qm_engine,btc_sha256_nonce,12510246.0000000000
410121,13079720884477,btc_qm_engine,btc_leading_zeros,0.0000000000
410122,13079720884607,btc_qm_engine,btc_sha256_elapsed_ns,1029.0000000000
410123,13079720884984,btc_qm_engine,btc_sha256_nonce,3569258111.0000000000
410124,13079720885056,btc_qm_engine,btc_leading_zeros,0.0000000000
410125,13079720885109,btc_qm_engine,btc_sha256_elapsed_ns,916.0000000000
410126,13079720885347,btc_qm_engine,btc_sha256_elapsed_ns,1001.0000000000
410127,13079720885991,btc_qm_engine,btc_leading_zeros,1.0000000000
410128,13079720886626,btc_qm_engine,btc_sha256_nonce,655119707.0000000000
410129,13079720887020,btc_qm_engine,btc_leading_zeros,0.0000000000
410130,13079720887208,btc_qm_engine,btc_sha256_nonce,2494742394.0000000000
410131,13079720887343,btc_qm_engine,btc_sha256_nonce,2727032949.0000000000
410132,13079720887417,btc_qm_engine,btc_leading_zeros,2.0000000000
410133,13079720887486,btc_qm_engine,btc_sha256_elapsed_ns,1068.0000000000
410134,13079720887853,btc_qm_engine,btc_leading_zeros,2.0000000000
410135,13079720888206,btc_qm_engine,btc_leading_zeros,1.0000000000
410136,13079720888381,btc_qm_engine,btc_sha256_elapsed_ns,999.0000000000
410137,13079720888609,btc_qm_engine,btc_sha256_elapsed_ns,935.0000000000
410138,13079720889200,btc_qm_engine,btc_sha256_elapsed_ns,1056.0000000000
410139,13079720889621,btc_qm_engine,btc_sha256_elapsed_ns,949.0000000000
410140,13079720889925,btc_qm_engine,btc_sha256_nonce,3790421545.0000000000
410141,13079720889997,btc_qm_engine,btc_leading_zeros,0.0000000000
410142,13079720890073,btc_qm_engine,btc_sha256_elapsed_ns,895.0000000000
410143,13079720891010,btc_qm_engine,btc_sha256_nonce,1142532999.0000000000
410144,13079720891395,btc_qm_engine,btc_sha256_nonce,2523690953.0000000000
410145,13079720891609,btc_qm_engine,btc_leading_zeros,0.0000000000
410146,13079720891877,btc_qm_engine,btc_sha256_nonce,2817846140.0000000000
410147,13079720892292,btc_qm_engine,btc_sha256_elapsed_ns,1058.0000000000
410148,13079720892459,btc_qm_engine,btc_sha256_nonce,947517228.0000000000
410149,13079720892697,btc_qm_engine,btc_sha256_nonce,3975103245.0000000000
410150,13079720892798,btc_qm_engine,btc_leading_zeros,1.0000000000
410151,13079720892863,btc_qm_engine,btc_sha256_elapsed_ns,962.0000000000
410152,13079720893112,btc_qm_engine,btc_leading_zeros,1.0000000000
410153,13079720893240,btc_qm_engine,btc_leading_zeros,0.0000000000
410154,13079720893315,btc_qm_engine,btc_sha256_elapsed_ns,943.0000000000
410155,13079720893456,btc_qm_engine,btc_sha256_elapsed_ns,1037.0000000000
410156,13079720893892,btc_qm_engine,btc_sha256_nonce,11921634.0000000000
410157,13079720893962,btc_qm_engine,btc_leading_zeros,0.0000000000
410158,13079720894027,btc_qm_engine,btc_sha256_elapsed_ns,975.0000000000
410159,13079720894205,btc_qm_engine,btc_sha256_nonce,3739055493.0000000000
410160,13079720894504,btc_qm_engine,btc_sha256_nonce,871957393.0000000000
410161,13079720895175,btc_qm_engine,btc_leading_zeros,4.0000000000
410162,13079720895285,btc_qm_engine,btc_leading_zeros,0.0000000000
410163,13079720895502,btc_qm_engine,btc_sha256_elapsed_ns,1006.0000000000
410164,13079720895840,btc_qm_engine,btc_sha256_nonce,513140049.0000000000
410165,13079720896027,btc_qm_engine,btc_sha256_elapsed_ns,875.0000000000
410166,13079720896217,btc_qm_engine,btc_leading_zeros,1.0000000000
410167,13079720896393,btc_qm_engine,btc_leading_zeros,3.0000000000
410168,13079720896637,btc_qm_engine,btc_sha256_nonce,117912604.0000000000
410169,13079720896866,btc_qm_engine,btc_leading_zeros,1.0000000000
410170,13079720897038,btc_qm_engine,btc_sha256_elapsed_ns,901.0000000000
410171,13079720897174,btc_qm_engine,btc_sha256_nonce,4168421366.0000000000
410172,13079720897344,btc_qm_engine,btc_leading_zeros,2.0000000000
410173,13079720897421,btc_qm_engine,btc_sha256_elapsed_ns,910.0000000000
410174,13079720897672,btc_qm_engine,btc_sha256_elapsed_ns,989.0000000000
410175,13079720898082,btc_qm_engine,btc_leading_zeros,4.0000000000
410176,13079720898147,btc_qm_engine,btc_sha256_elapsed_ns,1000.0000000000
410177,13079720898257,btc_qm_engine,btc_sha256_nonce,2716434493.0000000000
410178,13079720898468,btc_qm_engine,btc_sha256_elapsed_ns,1049.0000000000
410179,13079720898664,btc_qm_engine,btc_leading_zeros,0.0000000000
410180,13079720898735,btc_qm_engine,btc_sha256_elapsed_ns,907.0000000000
410181,13079720899015,btc_qm_engine,btc_sha256_nonce,3365222065.0000000000
410182,13079720899098,btc_qm_engine,btc_leading_zeros,1.0000000000
410183,13079720899278,btc_qm_engine,btc_sha256_nonce,639363875.0000000000
410184,13079720899380,btc_qm_engine,btc_sha256_nonce,568866713.0000000000
410185,13079720899454,btc_qm_engine,btc_leading_zeros,0.0000000000
410186,13079720899546,btc_qm_engine,btc_sha256_elapsed_ns,1016.0000000000
410187,13079720899733,btc_qm_engine,btc_sha256_nonce,1887565678.0000000000
410188,13079720899893,btc_qm_engine,btc_leading_zeros,1.0000000000
410189,13079720900059,btc_qm_engine,btc_sha256_nonce,3911116722.0000000000
410190,13079720900138,btc_qm_engine,btc_leading_zeros,2.0000000000
410191,13079720900620,btc_qm_engine,btc_sha256_nonce,1046293701.0000000000
410192,13079720900786,btc_qm_engine,btc_sha256_nonce,718143093.0000000000
410193,13079720901310,btc_qm_engine,btc_sha256_elapsed_ns,970.0000000000
410194,13079720901835,btc_qm_engine,btc_leading_zeros,0.0000000000
410195,13079720901946,btc_qm_engine,btc_leading_zeros,0.0000000000
410196,13079720902052,btc_qm_engine,btc_sha256_elapsed_ns,995.0000000000
410197,13079720902223,btc_qm_engine,btc_sha256_elapsed_ns,934.0000000000
410198,13079720902552,btc_qm_engine,btc_leading_zeros,0.0000000000
410199,13079720902657,btc_qm_engine,btc_sha256_elapsed_ns,922.0000000000
410200,13079720903258,btc_qm_engine,btc_sha256_nonce,11387370.0000000000
410201,13079720903336,btc_qm_engine,btc_leading_zeros,0.0000000000
410202,13079720903402,btc_qm_engine,btc_sha256_elapsed_ns,987.0000000000
410203,13079720903511,btc_qm_engine,btc_sha256_nonce,3766172728.0000000000
410204,13079720903806,btc_qm_engine,btc_sha256_elapsed_ns,1061.0000000000
410205,13079720903923,btc_qm_engine,btc_leading_zeros,0.0000000000
410206,13079720904428,btc_qm_engine,btc_sha256_nonce,2678645971.0000000000
410207,13079720904708,btc_qm_engine,btc_sha256_nonce,2165692570.0000000000
410208,13079720904928,btc_qm_engine,btc_leading_zeros,1.0000000000
410209,13079720905368,btc_qm_engine,btc_sha256_nonce,4152719549.0000000000
410210,13079720905443,btc_qm_engine,btc_leading_zeros,0.0000000000
410211,13079720905759,btc_qm_engine,btc_sha256_elapsed_ns,983.0000000000
410212,13079720906127,btc_qm_engine,btc_sha256_nonce,1079877533.0000000000
410213,13079720906438,btc_qm_engine,btc_leading_zeros,0.0000000000
410214,13079720906760,btc_qm_engine,btc_sha256_elapsed_ns,1050.0000000000
410215,13079720906929,btc_qm_engine,btc_sha256_elapsed_ns,1003.0000000000
410216,13079720907313,btc_qm_engine,btc_leading_zeros,0.0000000000
410217,13079720907770,btc_qm_engine,btc_sha256_elapsed_ns,1054.0000000000
410218,13079720907882,btc_qm_engine,btc_sha256_nonce,197744398.0000000000
410219,13079720908068,btc_qm_engine,btc_sha256_elapsed_ns,1060.0000000000
410220,13079720908275,btc_qm_engine,btc_leading_zeros,0.0000000000
410221,13079720908343,btc_qm_engine,btc_sha256_elapsed_ns,1009.0000000000
410222,13079720908473,btc_qm_engine,btc_sha256_nonce,4031224656.0000000000
410223,13079720908580,btc_qm_engine,btc_leading_zeros,3.0000000000
410224,13079720908904,btc_qm_engine,btc_sha256_nonce,1876115214.0000000000
410225,13079720909030,btc_qm_engine,btc_sha256_nonce,1408685721.0000000000
410226,13079720909198,btc_qm_engine,btc_sha256_elapsed_ns,975.0000000000
410227,13079720909381,btc_qm_engine,btc_leading_zeros,0.0000000000
410228,13079720909775,btc_qm_engine,btc_sha256_nonce,197536828.0000000000
410229,13079720909929,btc_qm_engine,btc_sha256_elapsed_ns,977.0000000000
410230,13079720910045,btc_qm_engine,btc_leading_zeros,0.0000000000
410231,13079720910292,btc_qm_engine,btc_sha256_nonce,2799359552.0000000000
410232,13079720910418,btc_qm_engine,btc_leading_zeros,0.0000000000
410233,13079720910486,btc_qm_engine,btc_sha256_elapsed_ns,1024.0000000000
410234,13079720910714,btc_qm_engine,btc_sha256_nonce,1385485926.0000000000
410235,13079720911007,btc_qm_engine,btc_sha256_nonce,3867648965.0000000000
410236,13079720911214,btc_qm_engine,btc_leading_zeros,0.0000000000
410237,13079720911512,btc_qm_engine,btc_leading_zeros,0.0000000000
410238,13079720911771,btc_qm_engine,btc_sha256_nonce,198055255.0000000000
410239,13079720911871,btc_qm_engine,btc_leading_zeros,0.0000000000
410240,13079720911937,btc_qm_engine,btc_sha256_elapsed_ns,1038.0000000000
410241,13079720912021,btc_qm_engine,btc_leading_zeros,2.0000000000
410242,13079720912149,btc_qm_engine,btc_sha256_elapsed_ns,878.0000000000
410243,13079720912389,btc_qm_engine,btc_sha256_elapsed_ns,1013.0000000000
410244,13079720912665,btc_qm_engine,btc_sha256_elapsed_ns,1055.0000000000
410245,13079720913122,btc_qm_engine,btc_sha256_nonce,3387677254.0000000000
410246,13079720913201,btc_qm_engine,btc_leading_zeros,0.0000000000
410247,13079720913265,btc_qm_engine,btc_sha256_elapsed_ns,943.0000000000
410248,13079720913443,btc_qm_engine,btc_sha256_nonce,2996489606.0000000000
410249,13079720913525,btc_qm_engine,btc_leading_zeros,2.0000000000
410250,13079720913718,btc_qm_engine,btc_sha256_nonce,984476939.0000000000
410251,13079720913910,btc_qm_engine,btc_leading_zeros,0.0000000000
410252,13079720914079,btc_qm_engine,btc_sha256_elapsed_ns,1035.0000000000
410253,13079720914238,btc_qm_engine,btc_sha256_nonce,252959352.0000000000
410254,13079720914406,btc_qm_engine,btc_sha256_elapsed_ns,1027.0000000000
410255,13079720914565,btc_qm_engine,btc_sha256_elapsed_ns,821.0000000000
410256,13079720914723,btc_qm_engine,btc_leading_zeros,1.0000000000
410257,13079720915151,btc_qm_engine,btc_sha256_nonce,2734473637.0000000000
410258,13079720915269,btc_qm_engine,btc_sha256_elapsed_ns,883.0000000000
410259,13079720915481,btc_qm_engine,btc_leading_zeros,0.0000000000
410260,13079720915686,btc_qm_engine,btc_sha256_nonce,2189554041.0000000000
410261,13079720915888,btc_qm_engine,btc_sha256_elapsed_ns,991.0000000000
410262,13079720916011,btc_qm_engine,btc_sha256_nonce,197145775.0000000000
410263,13079720916133,btc_qm_engine,btc_leading_zeros,4.0000000000
410264,13079720916436,btc_qm_engine,btc_leading_zeros,3.0000000000
410265,13079720916869,btc_qm_engine,btc_sha256_nonce,947438239.0000000000
410266,13079720917016,btc_qm_engine,btc_sha256_elapsed_ns,1023.0000000000
410267,13079720917355,btc_qm_engine,btc_sha256_nonce,915228982.0000000000
410268,13079720917577,btc_qm_engine,btc_sha256_nonce,1010404100.0000000000
410269,13079720917712,btc_qm_engine,btc_leading_zeros,0.0000000000
410270,13079720917903,btc_qm_engine,btc_leading_zeros,1.0000000000
410271,13079720918090,btc_qm_engine,btc_sha256_elapsed_ns,1085.0000000000
410272,13079720918212,btc_qm_engine,btc_sha256_elapsed_ns,993.0000000000
410273,13079720918375,btc_qm_engine,btc_sha256_nonce,12251160.0000000000
410274,13079720918689,btc_qm_engine,btc_leading_zeros,2.0000000000
410275,13079720918745,btc_qm_engine,btc_sha256_elapsed_ns,1023.0000000000
410276,13079720919175,btc_qm_engine,btc_sha256_elapsed_ns,1081.0000000000
410277,13079720919346,btc_qm_engine,btc_sha256_nonce,370624985.0000000000
410278,13079720919419,btc_qm_engine,btc_leading_zeros,0.0000000000
410279,13079720919487,btc_qm_engine,btc_sha256_elapsed_ns,1018.0000000000
410280,13079720919831,btc_qm_engine,btc_sha256_nonce,635319240.0000000000
410281,13079720919902,btc_qm_engine,btc_leading_zeros,4.0000000000
410282,13079720920109,btc_qm_engine,btc_sha256_nonce,12050363.0000000000
410283,13079720920416,btc_qm_engine,btc_sha256_elapsed_ns,837.0000000000
410284,13079720920598,btc_qm_engine,btc_sha256_elapsed_ns,1059.0000000000
410285,13079720920735,btc_qm_engine,btc_sha256_nonce,2319682234.0000000000
410286,13079720921039,btc_qm_engine,btc_sha256_nonce,1276821480.0000000000
410287,13079720921296,btc_qm_engine,btc_leading_zeros,1.0000000000
410288,13079720921406,btc_qm_engine,btc_leading_zeros,3.0000000000
410289,13079720921569,btc_qm_engine,btc_sha256_nonce,959804128.0000000000
410290,13079720921752,btc_qm_engine,btc_sha256_elapsed_ns,988.0000000000
410291,13079720921877,btc_qm_engine,btc_sha256_elapsed_ns,714.0000000000
410292,13079720922047,btc_qm_engine,btc_sha256_nonce,2223147668.0000000000
410293,13079720922143,btc_qm_engine,btc_leading_zeros,1.0000000000
410294,13079720922217,btc_qm_engine,btc_sha256_elapsed_ns,946.0000000000
410295,13079720922857,btc_qm_engine,btc_leading_zeros,4.0000000000
410296,13079720923007,btc_qm_engine,btc_sha256_nonce,399421737.0000000000
410297,13079720923150,btc_qm_engine,btc_leading_zeros,0.0000000000
410298,13079720923376,btc_qm_engine,btc_sha256_nonce,3879563449.0000000000
410299,13079720923613,btc_qm_engine,btc_sha256_elapsed_ns,990.0000000000
410300,13079720924105,btc_qm_engine,btc_sha256_nonce,568973716.0000000000
410301,13079720924224,btc_qm_engine,btc_leading_zeros,0.0000000000
410302,13079720924694,btc_qm_engine,btc_sha256_elapsed_ns,900.0000000000
410303,13079720924809,btc_qm_engine,btc_sha256_elapsed_ns,983.0000000000
410304,13079720925109,btc_qm_engine,btc_sha256_nonce,998403736.0000000000
410305,13079720925186,btc_qm_engine,btc_leading_zeros,0.0000000000
410306,13079720925302,btc_qm_engine,btc_sha256_nonce,2145273042.0000000000
410307,13079720925775,btc_qm_engine,btc_sha256_elapsed_ns,708.0000000000
410308,13079720925921,btc_qm_engine,btc_leading_zeros,0.0000000000
410309,13079720925991,btc_qm_engine,btc_sha256_elapsed_ns,1034.0000000000
410310,13079720926207,btc_qm_engine,btc_sha256_nonce,2467510655.0000000000
410311,13079720926568,btc_qm_engine,btc_leading_zeros,3.0000000000
410312,13079720927156,btc_qm_engine,btc_leading_zeros,0.0000000000
410313,13079720927301,btc_qm_engine,btc_sha256_nonce,2673337090.0000000000
410314,13079720927371,btc_qm_engine,btc_leading_zeros,0.0000000000
410315,13079720927456,btc_qm_engine,btc_sha256_elapsed_ns,1010.0000000000
410316,13079720927631,btc_qm_engine,btc_sha256_nonce,253197739.0000000000
410317,13079720927781,btc_qm_engine,btc_sha256_elapsed_ns,1031.0000000000
410318,13079720928073,btc_qm_engine,btc_sha256_elapsed_ns,944.0000000000
410319,13079720928191,btc_qm_engine,btc_leading_zeros,0.0000000000
410320,13079720928261,btc_qm_engine,btc_sha256_elapsed_ns,894.0000000000
410321,13079720928690,btc_qm_engine,btc_sha256_nonce,4112559836.0000000000
410322,13079720929086,btc_qm_engine,btc_leading_zeros,3.0000000000
410323,13079720929303,btc_qm_engine,btc_leading_zeros,0.0000000000
410324,13079720929453,btc_qm_engine,btc_sha256_nonce,1258113462.0000000000
410325,13079720929545,btc_qm_engine,btc_sha256_nonce,2226459152.0000000000
410326,13079720929746,btc_qm_engine,btc_sha256_elapsed_ns,883.0000000000
410327,13079720929993,btc_qm_engine,btc_leading_zeros,0.0000000000
410328,13079720930498,btc_qm_engine,btc_sha256_nonce,253176581.0000000000
410329,13079720931141,btc_qm_engine,btc_leading_zeros,0.0000000000
410330,13079720931188,btc_qm_engine,btc_sha256_elapsed_ns,912.0000000000
410331,13079720931431,btc_qm_engine,btc_sha256_nonce,2038405637.0000000000
410332,13079720931759,btc_qm_engine,btc_leading_zeros,0.0000000000
410333,13079720931830,btc_qm_engine,btc_sha256_elapsed_ns,945.0000000000
410334,13079720931954,btc_qm_engine,btc_leading_zeros,0.0000000000
410335,13079720932033,btc_qm_engine,btc_sha256_elapsed_ns,997.0000000000
410336,13079720932215,btc_qm_engine,btc_sha256_nonce,1904236615.0000000000
410337,13079720932341,btc_qm_engine,btc_sha256_nonce,3457120431.0000000000
410338,13079720932768,btc_qm_engine,btc_leading_zeros,0.0000000000
410339,13079720932843,btc_qm_engine,btc_leading_zeros,2.0000000000
410340,13079720932987,btc_qm_engine,btc_sha256_nonce,3914328761.0000000000
410341,13079720933061,btc_qm_engine,btc_leading_zeros,0.0000000000
410342,13079720933126,btc_qm_engine,btc_sha256_elapsed_ns,908.0000000000
410343,13079720933377,btc_qm_engine,btc_sha256_nonce,4145206476.0000000000
410344,13079720933600,btc_qm_engine,btc_sha256_elapsed_ns,900.0000000000
410345,13079720933839,btc_qm_engine,btc_sha256_elapsed_ns,896.0000000000
410346,13079720934306,btc_qm_engine,btc_sha256_nonce,510616026.0000000000
410347,13079720934805,btc_qm_engine,btc_sha256_elapsed_ns,1068.0000000000
410348,13079720935152,btc_qm_engine,btc_sha256_nonce,2655699781.0000000000
410349,13079720935278,btc_qm_engine,btc_leading_zeros,1.0000000000
410350,13079720935566,btc_qm_engine,btc_sha256_nonce,947786163.0000000000
410351,13079720935722,btc_qm_engine,btc_sha256_elapsed_ns,896.0000000000
410352,13079720936020,btc_qm_engine,btc_leading_zeros,1.0000000000
410353,13079720936332,btc_qm_engine,btc_sha256_nonce,1326224903.0000000000
410354,13079720936861,btc_qm_engine,btc_sha256_nonce,3259419338.0000000000
410355,13079720936968,btc_qm_engine,btc_leading_zeros,4.0000000000
410356,13079720937152,btc_qm_engine,btc_leading_zeros,0.0000000000
410357,13079720937920,btc_qm_engine,btc_leading_zeros,4.0000000000
410358,13079720938047,btc_qm_engine,btc_sha256_elapsed_ns,683.0000000000
410359,13079720938322,btc_qm_engine,btc_sha256_elapsed_ns,955.0000000000
410360,13079720938691,btc_qm_engine,btc_sha256_elapsed_ns,1018.0000000000
410361,13079720938996,btc_qm_engine,btc_sha256_elapsed_ns,1025.0000000000
410362,13079720939290,btc_qm_engine,btc_sha256_nonce,2004154124.0000000000
410363,13079720939364,btc_qm_engine,btc_leading_zeros,0.0000000000
410364,13079720939428,btc_qm_engine,btc_sha256_elapsed_ns,992.0000000000
410365,13079720939546,btc_qm_engine,btc_sha256_nonce,2473621494.0000000000
410366,13079720939620,btc_qm_engine,btc_leading_zeros,0.0000000000
410367,13079720939770,btc_qm_engine,btc_sha256_elapsed_ns,889.0000000000
410368,13079720939999,btc_qm_engine,btc_sha256_nonce,308193648.0000000000
410369,13079720940080,btc_qm_engine,btc_leading_zeros,1.0000000000
410370,13079720940145,btc_qm_engine,btc_sha256_elapsed_ns,1010.0000000000
410371,13079720940230,btc_qm_engine,btc_sha256_elapsed_ns,964.0000000000
410372,13079720940571,btc_qm_engine,btc_sha256_nonce,2098799525.0000000000
410373,13079720940980,btc_qm_engine,btc_leading_zeros,3.0000000000
410374,13079720941352,btc_qm_engine,btc_sha256_nonce,2923787314.0000000000
410375,13079720941494,btc_qm_engine,btc_sha256_nonce,984616308.0000000000
410376,13079720941773,btc_qm_engine,btc_sha256_elapsed_ns,942.0000000000
410377,13079720942085,btc_qm_engine,btc_leading_zeros,3.0000000000
410378,13079720942209,btc_qm_engine,btc_leading_zeros,1.0000000000
410379,13079720942913,btc_qm_engine,btc_sha256_nonce,2936873868.0000000000
410380,13079720943075,btc_qm_engine,btc_sha256_elapsed_ns,981.0000000000
410381,13079720943203,btc_qm_engine,btc_sha256_elapsed_ns,925.0000000000
410382,13079720943338,btc_qm_engine,btc_sha256_nonce,709386713.0000000000
410383,13079720943474,btc_qm_engine,btc_leading_zeros,2.0000000000
410384,13079720943545,btc_qm_engine,btc_sha256_elapsed_ns,891.0000000000
410385,13079720943703,btc_qm_engine,btc_leading_zeros,0.0000000000
410386,13079720943822,btc_qm_engine,btc_sha256_nonce,197019478.0000000000
410387,13079720944215,btc_qm_engine,btc_leading_zeros,0.0000000000
410388,13079720944290,btc_qm_engine,btc_sha256_elapsed_ns,694.0000000000
410389,13079720944546,btc_qm_engine,btc_sha256_nonce,12048373.0000000000
410390,13079720944700,btc_qm_engine,btc_sha256_nonce,1319530686.0000000000
410391,13079720944778,btc_qm_engine,btc_leading_zeros,0.0000000000
410392,13079720945048,btc_qm_engine,btc_leading_zeros,0.0000000000
410393,13079720945474,btc_qm_engine,btc_leading_zeros,0.0000000000
410394,13079720945549,btc_qm_engine,btc_sha256_elapsed_ns,1069.0000000000
410395,13079720945713,btc_qm_engine,btc_sha256_nonce,2679656353.0000000000
410396,13079720945905,btc_qm_engine,btc_sha256_elapsed_ns,929.0000000000
410397,13079720946118,btc_qm_engine,btc_leading_zeros,1.0000000000
410398,13079720946190,btc_qm_engine,btc_sha256_elapsed_ns,970.0000000000
410399,13079720946409,btc_qm_engine,btc_sha256_elapsed_ns,970.0000000000
410400,13079720946871,btc_qm_engine,btc_sha256_nonce,11427736.0000000000
410401,13079720947379,btc_qm_engine,btc_leading_zeros,1.0000000000
410402,13079720947591,btc_qm_engine,btc_sha256_nonce,2467610028.0000000000
410403,13079720947685,btc_qm_engine,btc_leading_zeros,0.0000000000
410404,13079720947739,btc_qm_engine,btc_sha256_elapsed_ns,943.0000000000
410405,13079720947946,btc_qm_engine,btc_sha256_nonce,992084622.0000000000
410406,13079720948045,btc_qm_engine,btc_sha256_nonce,1063899408.0000000000
410407,13079720948175,btc_qm_engine,btc_sha256_elapsed_ns,1073.0000000000
410408,13079720948361,btc_qm_engine,btc_sha256_nonce,3162475570.0000000000
410409,13079720948699,btc_qm_engine,btc_leading_zeros,0.0000000000
410410,13079720948746,btc_qm_engine,btc_sha256_elapsed_ns,1050.0000000000
410411,13079720948918,btc_qm_engine,btc_leading_zeros,1.0000000000
410412,13079720949243,btc_qm_engine,btc_sha256_elapsed_ns,943.0000000000
410413,13079720949404,btc_qm_engine,btc_sha256_nonce,3443078851.0000000000
410414,13079720949573,btc_qm_engine,btc_sha256_elapsed_ns,968.0000000000
410415,13079720949851,btc_qm_engine,btc_sha256_nonce,364837205.0000000000
410416,13079720950045,btc_qm_engine,btc_sha256_nonce,11944663.0000000000
410417,13079720950127,btc_qm_engine,btc_leading_zeros,1.0000000000
410418,13079720950311,btc_qm_engine,btc_leading_zeros,0.0000000000
410419,13079720950566,btc_qm_engine,btc_sha256_nonce,541647039.0000000000
410420,13079720950654,btc_qm_engine,btc_leading_zeros,1.0000000000
410421,13079720950721,btc_qm_engine,btc_sha256_elapsed_ns,1022.0000000000
410422,13079720950818,btc_qm_engine,btc_leading_zeros,1.0000000000
410423,13079720950920,btc_qm_engine,btc_sha256_elapsed_ns,1000.0000000000
410424,13079720951056,btc_qm_engine,btc_sha256_elapsed_ns,1055.0000000000
410425,13079720951204,btc_qm_engine,btc_sha256_nonce,1307584148.0000000000
410426,13079720951274,btc_qm_engine,btc_leading_zeros,2.0000000000
410427,13079720951348,btc_qm_engine,btc_sha256_elapsed_ns,1035.0000000000
410428,13079720951965,btc_qm_engine,btc_sha256_nonce,680486467.0000000000
410429,13079720952037,btc_qm_engine,btc_leading_zeros,4.0000000000
410430,13079720952101,btc_qm_engine,btc_sha256_elapsed_ns,1044.0000000000
410431,13079720952356,btc_qm_engine,btc_sha256_nonce,141697409.0000000000
410432,13079720952449,btc_qm_engine,btc_leading_zeros,0.0000000000
410433,13079720952535,btc_qm_engine,btc_sha256_elapsed_ns,1023.0000000000
410434,13079720952700,btc_qm_engine,btc_sha256_nonce,12397494.0000000000
410435,13079720952823,btc_qm_engine,btc_leading_zeros,0.0000000000
410436,13079720953355,btc_qm_engine,btc_leading_zeros,2.0000000000
410437,13079720953677,btc_qm_engine,btc_sha256_elapsed_ns,1043.0000000000
410438,13079720953742,btc_qm_engine,btc_sha256_elapsed_ns,960.0000000000
410439,13079720954020,btc_qm_engine,btc_sha256_nonce,1436796761.0000000000
410440,13079720954146,btc_qm_engine,btc_leading_zeros,1.0000000000
410441,13079720954210,btc_qm_engine,btc_sha256_elapsed_ns,906.0000000000
410442,13079720954709,btc_qm_engine,btc_sha256_nonce,1786435743.0000000000
410443,13079720955032,btc_qm_engine,btc_leading_zeros,2.0000000000
410444,13079720955232,btc_qm_engine,btc_sha256_nonce,3202063046.0000000000
410445,13079720955294,btc_qm_engine,btc_sha256_nonce,2855470250.0000000000
410446,13079720955457,btc_qm_engine,btc_sha256_elapsed_ns,979.0000000000
410447,13079720955654,btc_qm_engine,btc_leading_zeros,0.0000000000
410448,13079720955936,btc_qm_engine,btc_sha256_elapsed_ns,930.0000000000
410449,13079720956161,btc_qm_engine,btc_sha256_elapsed_ns,1013.0000000000
410450,13079720956756,btc_qm_engine,btc_sha256_nonce,761397845.0000000000
410451,13079720957119,btc_qm_engine,btc_sha256_nonce,1810579131.0000000000
410452,13079720957544,btc_qm_engine,btc_leading_zeros,0.0000000000
410453,13079720957735,btc_qm_engine,btc_sha256_nonce,1482502238.0000000000
410454,13079720957932,btc_qm_engine,btc_sha256_elapsed_ns,1021.0000000000
410455,13079720958058,btc_qm_engine,btc_sha256_nonce,842238707.0000000000
410456,13079720958156,btc_qm_engine,btc_leading_zeros,0.0000000000
410457,13079720958317,btc_qm_engine,btc_leading_zeros,4.0000000000
410458,13079720958599,btc_qm_engine,btc_sha256_elapsed_ns,692.0000000000
410459,13079720958770,btc_qm_engine,btc_sha256_elapsed_ns,1034.0000000000
410460,13079720959141,btc_qm_engine,btc_sha256_nonce,3278354103.0000000000
410461,13079720959212,btc_qm_engine,btc_leading_zeros,0.0000000000
410462,13079720959290,btc_qm_engine,btc_sha256_elapsed_ns,968.0000000000
410463,13079720959464,btc_qm_engine,btc_sha256_nonce,3038817627.0000000000
410464,13079720959546,btc_qm_engine,btc_leading_zeros,0.0000000000
410465,13079720959608,btc_qm_engine,btc_sha256_elapsed_ns,955.0000000000
410466,13079720959915,btc_qm_engine,btc_sha256_nonce,1582724804.0000000000
410467,13079720959994,btc_qm_engine,btc_leading_zeros,2.0000000000
410468,13079720960062,btc_qm_engine,btc_sha256_elapsed_ns,1028.0000000000
410469,13079720960276,btc_qm_engine,btc_sha256_nonce,2163799748.0000000000
410470,13079720960347,btc_qm_engine,btc_leading_zeros,0.0000000000
410471,13079720960416,btc_qm_engine,btc_sha256_elapsed_ns,1009.0000000000
410472,13079720960643,btc_qm_engine,btc_sha256_nonce,1436867648.0000000000
410473,13079720960808,btc_qm_engine,btc_sha256_nonce,520805172.0000000000
410474,13079720961125,btc_qm_engine,btc_leading_zeros,1.0000000000
410475,13079720961261,btc_qm_engine,btc_leading_zeros,4.0000000000
410476,13079720961335,btc_qm_engine,btc_sha256_elapsed_ns,857.0000000000
410477,13079720961497,btc_qm_engine,btc_sha256_elapsed_ns,1044.0000000000
410478,13079720961678,btc_qm_engine,btc_sha256_nonce,946954669.0000000000
410479,13079720961746,btc_qm_engine,btc_leading_zeros,1.0000000000
410480,13079720961850,btc_qm_engine,btc_sha256_elapsed_ns,901.0000000000
410481,13079720961932,btc_qm_engine,btc_sha256_nonce,3205233343.0000000000
410482,13079720962173,btc_qm_engine,btc_leading_zeros,0.0000000000
410483,13079720962241,btc_qm_engine,btc_sha256_elapsed_ns,781.0000000000
410484,13079720962355,btc_qm_engine,btc_sha256_nonce,4284604933.0000000000
410485,13079720962420,btc_qm_engine,btc_leading_zeros,0.0000000000
410486,13079720962765,btc_qm_engine,btc_sha256_elapsed_ns,801.0000000000
410487,13079720962968,btc_qm_engine,btc_leading_zeros,2.0000000000
410488,13079720963135,btc_qm_engine,btc_leading_zeros,0.0000000000
410489,13079720963335,btc_qm_engine,btc_sha256_nonce,2529425967.0000000000
410490,13079720963477,btc_qm_engine,btc_sha256_elapsed_ns,963.0000000000
410491,13079720963817,btc_qm_engine,btc_sha256_nonce,2967526411.0000000000
410492,13079720964545,btc_qm_engine,btc_sha256_elapsed_ns,1061.0000000000
410493,13079720964636,btc_qm_engine,btc_sha256_nonce,389958336.0000000000
410494,13079720964827,btc_qm_engine,btc_leading_zeros,0.0000000000
410495,13079720964973,btc_qm_engine,btc_leading_zeros,1.0000000000
410496,13079720965040,btc_qm_engine,btc_sha256_elapsed_ns,892.0000000000
410497,13079720965202,btc_qm_engine,btc_sha256_elapsed_ns,1059.0000000000
410498,13079720965495,btc_qm_engine,btc_leading_zeros,0.0000000000
410499,13079720965987,btc_qm_engine,btc_sha256_nonce,1140668362.0000000000
410500,13079720966043,btc_qm_engine,btc_leading_zeros,0.0000000000
410501,13079720966095,btc_qm_engine,btc_sha256_elapsed_ns,968.0000000000
410502,13079720966246,btc_qm_engine,btc_sha256_nonce,2611171865.0000000000
410503,13079720966405,btc_qm_engine,btc_leading_zeros,1.0000000000
410504,13079720966518,btc_qm_engine,btc_sha256_nonce,2467233712.0000000000
410505,13079720966608,btc_qm_engine,btc_leading_zeros,0.0000000000
410506,13079720966674,btc_qm_engine,btc_sha256_elapsed_ns,901.0000000000
410507,13079720966927,btc_qm_engine,btc_sha256_elapsed_ns,1072.0000000000
410508,13079720967304,btc_qm_engine,btc_leading_zeros,2.0000000000
410509,13079720967803,btc_qm_engine,btc_sha256_nonce,2466983138.0000000000
410510,13079720968026,btc_qm_engine,btc_leading_zeros,0.0000000000
410511,13079720968272,btc_qm_engine,btc_sha256_elapsed_ns,877.0000000000
410512,13079720968482,btc_qm_engine,btc_sha256_elapsed_ns,1039.0000000000
410513,13079720968623,btc_qm_engine,btc_sha256_elapsed_ns,886.0000000000
410514,13079720969246,btc_qm_engine,btc_sha256_nonce,4089106767.0000000000
410515,13079720969607,btc_qm_engine,btc_sha256_nonce,2467585005.0000000000
410516,13079720969824,btc_qm_engine,btc_leading_zeros,1.0000000000
410517,13079720969901,btc_qm_engine,btc_sha256_elapsed_ns,816.0000000000
410518,13079720970134,btc_qm_engine,btc_sha256_nonce,2075745925.0000000000
410519,13079720970499,btc_qm_engine,btc_sha256_nonce,2180148501.0000000000
410520,13079720970691,btc_qm_engine,btc_sha256_nonce,3800250103.0000000000
410521,13079720970763,btc_qm_engine,btc_leading_zeros,0.0000000000
410522,13079720970871,btc_qm_engine,btc_sha256_elapsed_ns,926.0000000000
410523,13079720971089,btc_qm_engine,btc_leading_zeros,0.0000000000
410524,13079720971472,btc_qm_engine,btc_leading_zeros,0.0000000000
410525,13079720971677,btc_qm_engine,btc_sha256_elapsed_ns,959.0000000000
410526,13079720971891,btc_qm_engine,btc_sha256_nonce,202645147.0000000000
410527,13079720972220,btc_qm_engine,btc_sha256_nonce,3838658627.0000000000
410528,13079720972344,btc_qm_engine,btc_sha256_nonce,3078535424.0000000000
410529,13079720972539,btc_qm_engine,btc_leading_zeros,2.0000000000
410530,13079720972609,btc_qm_engine,btc_sha256_elapsed_ns,829.0000000000
410531,13079720972842,btc_qm_engine,btc_leading_zeros,0.0000000000
410532,13079720972987,btc_qm_engine,btc_leading_zeros,1.0000000000
410533,13079720973059,btc_qm_engine,btc_sha256_elapsed_ns,943.0000000000
410534,13079720973186,btc_qm_engine,btc_sha256_nonce,253052489.0000000000
410535,13079720973323,btc_qm_engine,btc_leading_zeros,0.0000000000
410536,13079720973460,btc_qm_engine,btc_sha256_elapsed_ns,949.0000000000
410537,13079720973705,btc_qm_engine,btc_sha256_nonce,2789390231.0000000000
410538,13079720973775,btc_qm_engine,btc_leading_zeros,4.0000000000
410539,13079720973837,btc_qm_engine,btc_leading_zeros,1.0000000000
410540,13079720974158,btc_qm_engine,btc_sha256_elapsed_ns,882.0000000000
410541,13079720974330,btc_qm_engine,btc_sha256_nonce,456764666.0000000000
410542,13079720974417,btc_qm_engine,btc_leading_zeros,0.0000000000
410543,13079720974497,btc_qm_engine,btc_sha256_elapsed_ns,1005.0000000000
410544,13079720975067,btc_qm_engine,btc_sha256_elapsed_ns,932.0000000000
410545,13079720975209,btc_qm_engine,btc_sha256_elapsed_ns,688.0000000000
410546,13079720975632,btc_qm_engine,btc_sha256_nonce,252233819.0000000000
410547,13079720976119,btc_qm_engine,btc_sha256_nonce,3167575768.0000000000
410548,13079720976346,btc_qm_engine,btc_sha256_nonce,2818241185.0000000000
410549,13079720976423,btc_qm_engine,btc_leading_zeros,1.0000000000
410550,13079720976499,btc_qm_engine,btc_sha256_elapsed_ns,1011.0000000000
410551,13079720976753,btc_qm_engine,btc_sha256_nonce,3129475078.0000000000
410552,13079720976926,btc_qm_engine,btc_leading_zeros,2.0000000000
410553,13079720977633,btc_qm_engine,btc_sha256_elapsed_ns,696.0000000000
410554,13079720978028,btc_qm_engine,btc_sha256_nonce,3601447766.0000000000
410555,13079720978435,btc_qm_engine,btc_leading_zeros,2.0000000000
410556,13079720978577,btc_qm_engine,btc_leading_zeros,0.0000000000
410557,13079720978662,btc_qm_engine,btc_sha256_elapsed_ns,954.0000000000
410558,13079720978770,btc_qm_engine,btc_sha256_elapsed_ns,897.0000000000
410559,13079720979244,btc_qm_engine,btc_sha256_nonce,2468087103.0000000000
410560,13079720979320,btc_qm_engine,btc_leading_zeros,2.0000000000
410561,13079720979385,btc_qm_engine,btc_sha256_elapsed_ns,789.0000000000
410562,13079720979745,btc_qm_engine,btc_sha256_nonce,1518506917.0000000000
410563,13079720979817,btc_qm_engine,btc_leading_zeros,1.0000000000
410564,13079720980411,btc_qm_engine,btc_sha256_nonce,3053392987.0000000000
410565,13079720980599,btc_qm_engine,btc_sha256_elapsed_ns,751.0000000000
410566,13079720981260,btc_qm_engine,btc_sha256_nonce,4140459290.0000000000
410567,13079720981500,btc_qm_engine,btc_sha256_nonce,83952534.0000000000
410568,13079720981806,btc_qm_engine,btc_leading_zeros,4.0000000000
410569,13079720981855,btc_qm_engine,btc_sha256_elapsed_ns,945.0000000000
410570,13079720982436,btc_qm_engine,btc_sha256_nonce,1375250685.0000000000
410571,13079720982509,btc_qm_engine,btc_leading_zeros,0.0000000000
410572,13079720982576,btc_qm_engine,btc_sha256_elapsed_ns,988.0000000000
410573,13079720982875,btc_qm_engine,btc_leading_zeros,0.0000000000
410574,13079720983564,btc_qm_engine,btc_sha256_nonce,2915841561.0000000000
410575,13079720983647,btc_qm_engine,btc_leading_zeros,0.0000000000
410576,13079720983891,btc_qm_engine,btc_sha256_elapsed_ns,972.0000000000
410577,13079720984519,btc_qm_engine,btc_sha256_elapsed_ns,993.0000000000
410578,13079720984610,btc_qm_engine,btc_sha256_nonce,3265237089.0000000000
410579,13079720984968,btc_qm_engine,btc_sha256_nonce,761226689.0000000000
410580,13079720985414,btc_qm_engine,btc_leading_zeros,2.0000000000
410581,13079720985608,btc_qm_engine,btc_sha256_elapsed_ns,690.0000000000
410582,13079720985811,btc_qm_engine,btc_leading_zeros,0.0000000000
410583,13079720986020,btc_qm_engine,btc_sha256_elapsed_ns,1023.0000000000
410584,13079720986450,btc_qm_engine,btc_leading_zeros,0.0000000000
410585,13079720986638,btc_qm_engine,btc_sha256_elapsed_ns,814.0000000000
410586,13079720987140,btc_qm_engine,btc_sha256_nonce,2911350721.0000000000
410587,13079720987230,btc_qm_engine,btc_sha256_elapsed_ns,944.0000000000
410588,13079720987521,btc_qm_engine,btc_leading_zeros,2.0000000000
410589,13079720987588,btc_qm_engine,btc_sha256_elapsed_ns,1004.0000000000
410590,13079720987766,btc_qm_engine,btc_sha256_nonce,1685256412.0000000000
410591,13079720987849,btc_qm_engine,btc_leading_zeros,4.0000000000
410592,13079720987916,btc_qm_engine,btc_sha256_elapsed_ns,1048.0000000000
410593,13079720988434,btc_qm_engine,btc_sha256_nonce,212058981.0000000000
410594,13079720988626,btc_qm_engine,btc_sha256_nonce,902993519.0000000000
410595,13079720988898,btc_qm_engine,btc_sha256_nonce,2709807551.0000000000
410596,13079720989080,btc_qm_engine,btc_leading_zeros,1.0000000000
410597,13079720989245,btc_qm_engine,btc_sha256_nonce,3208514105.0000000000
410598,13079720989517,btc_qm_engine,btc_leading_zeros,0.0000000000
410599,13079720989603,btc_qm_engine,btc_leading_zeros,3.0000000000
410600,13079720990157,btc_qm_engine,btc_sha256_nonce,3436276783.0000000000
410601,13079720990429,btc_qm_engine,btc_leading_zeros,4.0000000000
410602,13079720990630,btc_qm_engine,btc_sha256_elapsed_ns,971.0000000000
410603,13079720991006,btc_qm_engine,btc_sha256_elapsed_ns,1056.0000000000
410604,13079720991667,btc_qm_engine,btc_leading_zeros,4.0000000000
410605,13079720991972,btc_qm_engine,btc_sha256_elapsed_ns,867.0000000000
410606,13079720992126,btc_qm_engine,btc_sha256_elapsed_ns,1084.0000000000
410607,13079720992621,btc_qm_engine,btc_sha256_nonce,1058625726.0000000000
410608,13079720992696,btc_qm_engine,btc_leading_zeros,0.0000000000
410609,13079720992751,btc_qm_engine,btc_sha256_elapsed_ns,704.0000000000
410610,13079720992879,btc_qm_engine,btc_sha256_nonce,2846176408.0000000000
410611,13079720992960,btc_qm_engine,btc_leading_zeros,2.0000000000
410612,13079720993023,btc_qm_engine,btc_sha256_elapsed_ns,1041.0000000000
410613,13079720993304,btc_qm_engine,btc_sha256_nonce,2393143485.0000000000
410614,13079720993487,btc_qm_engine,btc_sha256_elapsed_ns,1022.0000000000
410615,13079720993689,btc_qm_engine,btc_sha256_nonce,1381886065.0000000000
410616,13079720993767,btc_qm_engine,btc_leading_zeros,1.0000000000
410617,13079720993845,btc_qm_engine,btc_sha256_elapsed_ns,1008.0000000000
410618,13079720994207,btc_qm_engine,btc_sha256_nonce,1436132144.0000000000
410619,13079720994295,btc_qm_engine,btc_leading_zeros,1.0000000000
410620,13079720994376,btc_qm_engine,btc_sha256_elapsed_ns,931.0000000000
410621,13079720995008,btc_qm_engine,btc_leading_zeros,0.0000000000
410622,13079720995122,btc_qm_engine,btc_sha256_nonce,3420642461.0000000000
410623,13079720995196,btc_qm_engine,btc_leading_zeros,0.0000000000
410624,13079720995263,btc_qm_engine,btc_sha256_elapsed_ns,928.0000000000
410625,13079720995427,btc_qm_engine,btc_sha256_elapsed_ns,1039.0000000000
410626,13079720995738,btc_qm_engine,btc_leading_zeros,1.0000000000
410627,13079720996018,btc_qm_engine,btc_sha256_nonce,198161339.0000000000
410628,13079720996390,btc_qm_engine,btc_leading_zeros,1.0000000000
410629,13079720996473,btc_qm_engine,btc_sha256_elapsed_ns,696.0000000000
410630,13079720996725,btc_qm_engine,btc_sha256_nonce,216903026.0000000000
410631,13079720996798,btc_qm_engine,btc_leading_zeros,1.0000000000
410632,13079720996846,btc_qm_engine,btc_sha256_elapsed_ns,796.0000000000
410633,13079720996988,btc_qm_engine,btc_sha256_nonce,1880994904.0000000000
410634,13079720997284,btc_qm_engine,btc_leading_zeros,0.0000000000
410635,13079720997363,btc_qm_engine,btc_sha256_elapsed_ns,1011.0000000000
410636,13079720997753,btc_qm_engine,btc_sha256_nonce,3928097405.0000000000
410637,13079720997820,btc_qm_engine,btc_leading_zeros,2.0000000000
410638,13079720998035,btc_qm_engine,btc_sha256_nonce,435317327.0000000000
410639,13079720998192,btc_qm_engine,btc_sha256_elapsed_ns,862.0000000000
410640,13079720998486,btc_qm_engine,btc_sha256_elapsed_ns,688.0000000000
410641,13079720998652,btc_qm_engine,btc_sha256_nonce,2958893570.0000000000
410642,13079720998831,btc_qm_engine,btc_sha256_nonce,2804956829.0000000000
410643,13079720999104,btc_qm_engine,btc_leading_zeros,2.0000000000
410644,13079720999198,btc_qm_engine,btc_leading_zeros,0.0000000000
410645,13079720999388,btc_qm_engine,btc_sha256_elapsed_ns,1039.0000000000
410646,13079720999498,btc_qm_engine,btc_sha256_nonce,3657213650.0000000000
410647,13079720999697,btc_qm_engine,btc_sha256_elapsed_ns,1005.0000000000
410648,13079720999987,btc_qm_engine,btc_sha256_nonce,2675078980.0000000000
410649,13079721005719,btc_qm_engine,btc_sha256_nonce,2853405281.0000000000
410650,13079721005791,btc_qm_engine,btc_leading_zeros,3.0000000000
410651,13079721005855,btc_qm_engine,btc_sha256_elapsed_ns,6082.0000000000
410652,13079721006142,btc_qm_engine,btc_sha256_nonce,2368635275.0000000000
410653,13079721006584,btc_qm_engine,btc_leading_zeros,0.0000000000
410654,13079721006651,btc_qm_engine,btc_sha256_elapsed_ns,952.0000000000
410655,13079721006984,btc_qm_engine,btc_sha256_nonce,454437246.0000000000
410656,13079721007375,btc_qm_engine,btc_sha256_nonce,1709160031.0000000000
410657,13079721007592,btc_qm_engine,btc_leading_zeros,2.0000000000
410658,13079721007802,btc_qm_engine,btc_sha256_elapsed_ns,992.0000000000
410659,13079721008174,btc_qm_engine,btc_leading_zeros,0.0000000000
410660,13079721008362,btc_qm_engine,btc_sha256_elapsed_ns,911.0000000000
410661,13079721008529,btc_qm_engine,btc_leading_zeros,3.0000000000
410662,13079721008644,btc_qm_engine,btc_sha256_nonce,309064979.0000000000
410663,13079721008854,btc_qm_engine,btc_sha256_nonce,2670536692.0000000000
410664,13079721009056,btc_qm_engine,btc_sha256_elapsed_ns,853.0000000000
410665,13079721009258,btc_qm_engine,btc_leading_zeros,2.0000000000
410666,13079721009353,btc_qm_engine,btc_sha256_elapsed_ns,801.0000000000
410667,13079721009489,btc_qm_engine,btc_sha256_nonce,11801527.0000000000
410668,13079721009885,btc_qm_engine,btc_leading_zeros,0.0000000000
410669,13079721010063,btc_qm_engine,btc_leading_zeros,2.0000000000
410670,13079721010297,btc_qm_engine,btc_sha256_elapsed_ns,971.0000000000
410671,13079721010470,btc_qm_engine,btc_sha256_elapsed_ns,874.0000000000
410672,13079721010680,btc_qm_engine,btc_sha256_nonce,3537504974.0000000000
410673,13079721010873,btc_qm_engine,btc_leading_zeros,0.0000000000
410674,13079721011421,btc_qm_engine,btc_sha256_nonce,1947888757.0000000000
410675,13079721011605,btc_qm_engine,btc_sha256_elapsed_ns,999.0000000000
410676,13079721012045,btc_qm_engine,btc_sha256_nonce,2635021329.0000000000
410677,13079721012627,btc_qm_engine,btc_leading_zeros,1.0000000000
410678,13079721013108,btc_qm_engine,btc_leading_zeros,2.0000000000
410679,13079721013297,btc_qm_engine,btc_sha256_elapsed_ns,865.0000000000
410680,13079721013387,btc_qm_engine,btc_sha256_elapsed_ns,944.0000000000
410681,13079721014547,btc_qm_engine,btc_sha256_nonce,2047165798.0000000000
410682,13079721014623,btc_qm_engine,btc_leading_zeros,1.0000000000
410683,13079721014860,btc_qm_engine,btc_sha256_nonce,3843197321.0000000000
410684,13079721015084,btc_qm_engine,btc_leading_zeros,0.0000000000
410685,13079721015353,btc_qm_engine,btc_leading_zeros,0.0000000000
410686,13079721015435,btc_qm_engine,btc_sha256_elapsed_ns,926.0000000000
410687,13079721016051,btc_qm_engine,btc_leading_zeros,0.0000000000
410688,13079721016502,btc_qm_engine,btc_sha256_elapsed_ns,1044.0000000000
410689,13079721016967,btc_qm_engine,btc_sha256_nonce,946879107.0000000000
410690,13079721017059,btc_qm_engine,btc_leading_zeros,0.0000000000
410691,13079721017130,btc_qm_engine,btc_sha256_elapsed_ns,1058.0000000000
410692,13079721017803,btc_qm_engine,btc_sha256_nonce,2971327479.0000000000
410693,13079721017881,btc_qm_engine,btc_sha256_nonce,2956257914.0000000000
410694,13079721018029,btc_qm_engine,btc_sha256_elapsed_ns,959.0000000000
410695,13079721018340,btc_qm_engine,btc_leading_zeros,0.0000000000
410696,13079721018460,btc_qm_engine,btc_leading_zeros,0.0000000000
410697,13079721018800,btc_qm_engine,btc_sha256_nonce,854786859.0000000000
410698,13079721018866,btc_qm_engine,btc_sha256_elapsed_ns,1055.0000000000
410699,13079721019483,btc_qm_engine,btc_sha256_nonce,456194149.0000000000
410700,13079721019556,btc_qm_engine,btc_leading_zeros,0.0000000000
410701,13079721019607,btc_qm_engine,btc_sha256_elapsed_ns,825.0000000000
410702,13079721019741,btc_qm_engine,btc_sha256_nonce,3264098241.0000000000
410703,13079721019815,btc_qm_engine,btc_leading_zeros,3.0000000000
410704,13079721019877,btc_qm_engine,btc_sha256_elapsed_ns,1031.0000000000
410705,13079721020116,btc_qm_engine,btc_sha256_nonce,2466853449.0000000000
410706,13079721020184,btc_qm_engine,btc_leading_zeros,3.0000000000
410707,13079721020246,btc_qm_engine,btc_sha256_elapsed_ns,698.0000000000
410708,13079721020465,btc_qm_engine,btc_sha256_elapsed_ns,1035.0000000000
410709,13079721020645,btc_qm_engine,btc_sha256_nonce,2566621652.0000000000
410710,13079721020730,btc_qm_engine,btc_leading_zeros,1.0000000000
410711,13079721020793,btc_qm_engine,btc_sha256_elapsed_ns,854.0000000000
410712,13079721021004,btc_qm_engine,btc_leading_zeros,1.0000000000
410713,13079721021128,btc_qm_engine,btc_sha256_nonce,2043469313.0000000000
410714,13079721021277,btc_qm_engine,btc_sha256_nonce,1371199897.0000000000
410715,13079721021360,btc_qm_engine,btc_leading_zeros,0.0000000000
410716,13079721021441,btc_qm_engine,btc_sha256_elapsed_ns,841.0000000000
410717,13079721021637,btc_qm_engine,btc_sha256_elapsed_ns,1006.0000000000
410718,13079721021861,btc_qm_engine,btc_sha256_nonce,1341235984.0000000000
410719,13079721022464,btc_qm_engine,btc_sha256_nonce,3264116065.0000000000
410720,13079721022589,btc_qm_engine,btc_leading_zeros,2.0000000000
410721,13079721022790,btc_qm_engine,btc_sha256_nonce,3429605694.0000000000
410722,13079721023017,btc_qm_engine,btc_sha256_nonce,364864704.0000000000
410723,13079721023183,btc_qm_engine,btc_sha256_nonce,1590216242.0000000000
410724,13079721023253,btc_qm_engine,btc_leading_zeros,1.0000000000
410725,13079721023326,btc_qm_engine,btc_sha256_elapsed_ns,960.0000000000
410726,13079721023491,btc_qm_engine,btc_sha256_elapsed_ns,871.0000000000
410727,13079721023972,btc_qm_engine,btc_leading_zeros,1.0000000000
410728,13079721024333,btc_qm_engine,btc_sha256_nonce,330983816.0000000000
410729,13079721024399,btc_qm_engine,btc_leading_zeros,2.0000000000
410730,13079721024447,btc_qm_engine,btc_sha256_elapsed_ns,744.0000000000
410731,13079721024622,btc_qm_engine,btc_leading_zeros,0.0000000000
410732,13079721024763,btc_qm_engine,btc_sha256_elapsed_ns,907.0000000000
410733,13079721024939,btc_qm_engine,btc_sha256_elapsed_ns,1002.0000000000
410734,13079721025342,btc_qm_engine,btc_sha256_nonce,947658886.0000000000
410735,13079721025409,btc_qm_engine,btc_leading_zeros,1.0000000000
410736,13079721025468,btc_qm_engine,btc_sha256_elapsed_ns,694.0000000000
410737,13079721025842,btc_qm_engine,btc_sha256_nonce,4157128324.0000000000
410738,13079721025916,btc_qm_engine,btc_leading_zeros,1.0000000000
410739,13079721026097,btc_qm_engine,btc_sha256_nonce,805504541.0000000000
410740,13079721026602,btc_qm_engine,btc_sha256_nonce,947734379.0000000000
410741,13079721026752,btc_qm_engine,btc_leading_zeros,1.0000000000
410742,13079721027274,btc_qm_engine,btc_sha256_nonce,1894591508.0000000000
410743,13079721027341,btc_qm_engine,btc_leading_zeros,3.0000000000
410744,13079721027395,btc_qm_engine,btc_sha256_elapsed_ns,852.0000000000
410745,13079721027547,btc_qm_engine,btc_sha256_elapsed_ns,892.0000000000
410746,13079721028062,btc_qm_engine,btc_leading_zeros,0.0000000000
410747,13079721028499,btc_qm_engine,btc_sha256_elapsed_ns,980.0000000000
410748,13079721028643,btc_qm_engine,btc_sha256_elapsed_ns,686.0000000000
410749,13079721028755,btc_qm_engine,btc_sha256_nonce,2042403498.0000000000
410750,13079721028838,btc_qm_engine,btc_leading_zeros,0.0000000000
410751,13079721028898,btc_qm_engine,btc_sha256_elapsed_ns,872.0000000000
410752,13079721029540,btc_qm_engine,btc_sha256_elapsed_ns,828.0000000000
410753,13079721029676,btc_qm_engine,btc_sha256_nonce,1161516383.0000000000
410754,13079721029755,btc_qm_engine,btc_leading_zeros,1.0000000000
410755,13079721029824,btc_qm_engine,btc_sha256_elapsed_ns,954.0000000000
410756,13079721030389,btc_qm_engine,btc_sha256_nonce,1277668045.0000000000
410757,13079721030456,btc_qm_engine,btc_leading_zeros,0.0000000000
410758,13079721030513,btc_qm_engine,btc_sha256_elapsed_ns,699.0000000000
410759,13079721030850,btc_qm_engine,btc_sha256_nonce,1267515614.0000000000
410760,13079721030916,btc_qm_engine,btc_leading_zeros,1.0000000000
410761,13079721030994,btc_qm_engine,btc_sha256_elapsed_ns,806.0000000000
410762,13079721031139,btc_qm_engine,btc_sha256_nonce,3373684229.0000000000
410763,13079721031584,btc_qm_engine,btc_sha256_nonce,3749933661.0000000000
410764,13079721031801,btc_qm_engine,btc_leading_zeros,3.0000000000
410765,13079721032031,btc_qm_engine,btc_sha256_nonce,3010028866.0000000000
410766,13079721032220,btc_qm_engine,btc_sha256_elapsed_ns,1045.0000000000
410767,13079721032558,btc_qm_engine,btc_leading_zeros,0.0000000000
410768,13079721032735,btc_qm_engine,btc_leading_zeros,1.0000000000
410769,13079721032807,btc_qm_engine,btc_sha256_elapsed_ns,777.0000000000
410770,13079721032922,btc_qm_engine,btc_leading_zeros,4.0000000000
410771,13079721033140,btc_qm_engine,btc_sha256_nonce,3457890613.0000000000
410772,13079721033251,btc_qm_engine,btc_leading_zeros,0.0000000000
410773,13079721033333,btc_qm_engine,btc_sha256_nonce,3201746084.0000000000
410774,13079721033471,btc_qm_engine,btc_sha256_elapsed_ns,1030.0000000000
410775,13079721033644,btc_qm_engine,btc_sha256_elapsed_ns,1048.0000000000
410776,13079721033866,btc_qm_engine,btc_sha256_nonce,3386619974.0000000000
410777,13079721033987,btc_qm_engine,btc_leading_zeros,3.0000000000
410778,13079721034205,btc_qm_engine,btc_sha256_nonce,4157114142.0000000000
410779,13079721034279,btc_qm_engine,btc_leading_zeros,1.0000000000
410780,13079721034900,btc_qm_engine,btc_leading_zeros,0.0000000000
410781,13079721035122,btc_qm_engine,btc_leading_zeros,3.0000000000
410782,13079721035243,btc_qm_engine,btc_sha256_elapsed_ns,849.0000000000
410783,13079721035375,btc_qm_engine,btc_sha256_elapsed_ns,1006.0000000000
410784,13079721035564,btc_qm_engine,btc_sha256_elapsed_ns,956.0000000000
410785,13079721035665,btc_qm_engine,btc_sha256_nonce,1235541362.0000000000
410786,13079721035789,btc_qm_engine,btc_leading_zeros,1.0000000000
410787,13079721035981,btc_qm_engine,btc_sha256_elapsed_ns,825.0000000000
410788,13079721036339,btc_qm_engine,btc_sha256_nonce,197149621.0000000000
410789,13079721036473,btc_qm_engine,btc_sha256_elapsed_ns,979.0000000000
410790,13079721036601,btc_qm_engine,btc_sha256_nonce,2888483565.0000000000
410791,13079721036675,btc_qm_engine,btc_leading_zeros,0.0000000000
410792,13079721036817,btc_qm_engine,btc_leading_zeros,0.0000000000
410793,13079721036893,btc_qm_engine,btc_sha256_elapsed_ns,971.0000000000
410794,13079721037012,btc_qm_engine,btc_sha256_elapsed_ns,805.0000000000
410795,13079721037182,btc_qm_engine,btc_sha256_nonce,3126001587.0000000000
410796,13079721037253,btc_qm_engine,btc_leading_zeros,2.0000000000
410797,13079721037321,btc_qm_engine,btc_sha256_elapsed_ns,996.0000000000
410798,13079721037458,btc_qm_engine,btc_sha256_nonce,181833487.0000000000
410799,13079721037662,btc_qm_engine,btc_sha256_elapsed_ns,945.0000000000
410800,13079721037869,btc_qm_engine,btc_sha256_nonce,1835001688.0000000000
410801,13079721038102,btc_qm_engine,btc_sha256_nonce,1376532107.0000000000
410802,13079721038470,btc_qm_engine,btc_sha256_nonce,947269607.0000000000
410803,13079721038609,btc_qm_engine,btc_leading_zeros,0.0000000000
410804,13079721038720,btc_qm_engine,btc_sha256_nonce,1768796961.0000000000
410805,13079721038881,btc_qm_engine,btc_leading_zeros,3.0000000000
410806,13079721039005,btc_qm_engine,btc_sha256_nonce,2167281968.0000000000
410807,13079721039291,btc_qm_engine,btc_sha256_nonce,1292320771.0000000000
410808,13079721039361,btc_qm_engine,btc_leading_zeros,2.0000000000
410809,13079721039428,btc_qm_engine,btc_sha256_elapsed_ns,926.0000000000
410810,13079721039684,btc_qm_engine,btc_leading_zeros,0.0000000000
410811,13079721040307,btc_qm_engine,btc_sha256_elapsed_ns,890.0000000000
410812,13079721040575,btc_qm_engine,btc_sha256_nonce,2562672863.0000000000
410813,13079721040837,btc_qm_engine,btc_leading_zeros,0.0000000000
410814,13079721040921,btc_qm_engine,btc_sha256_elapsed_ns,761.0000000000
410815,13079721041008,btc_qm_engine,btc_leading_zeros,0.0000000000
410816,13079721041095,btc_qm_engine,btc_sha256_elapsed_ns,944.0000000000
410817,13079721041325,btc_qm_engine,btc_sha256_elapsed_ns,1012.0000000000
410818,13079721041893,btc_qm_engine,btc_sha256_nonce,1743058381.0000000000
410819,13079721042029,btc_qm_engine,btc_sha256_nonce,1539453277.0000000000
410820,13079721042107,btc_qm_engine,btc_leading_zeros,3.0000000000
410821,13079721042172,btc_qm_engine,btc_sha256_elapsed_ns,1100.0000000000
410822,13079721042307,btc_qm_engine,btc_leading_zeros,1.0000000000
410823,13079721042734,btc_qm_engine,btc_sha256_nonce,89002695.0000000000
410824,13079721043049,btc_qm_engine,btc_leading_zeros,0.0000000000
410825,13079721043294,btc_qm_engine,btc_sha256_nonce,947022726.0000000000
410826,13079721043452,btc_qm_engine,btc_leading_zeros,1.0000000000
410827,13079721043504,btc_qm_engine,btc_sha256_elapsed_ns,887.0000000000
410828,13079721043899,btc_qm_engine,btc_sha256_elapsed_ns,1040.0000000000
410829,13079721044068,btc_qm_engine,btc_leading_zeros,0.0000000000
410830,13079721044223,btc_qm_engine,btc_sha256_elapsed_ns,850.0000000000
410831,13079721044496,btc_qm_engine,btc_sha256_elapsed_ns,1021.0000000000
410832,13079721045132,btc_qm_engine,btc_sha256_nonce,1155209616.0000000000
410833,13079721045207,btc_qm_engine,btc_leading_zeros,0.0000000000
410834,13079721045279,btc_qm_engine,btc_sha256_elapsed_ns,990.0000000000
410835,13079721045441,btc_qm_engine,btc_leading_zeros,1.0000000000
410836,13079721045996,btc_qm_engine,btc_sha256_nonce,2467955383.0000000000
410837,13079721046393,btc_qm_engine,btc_leading_zeros,1.0000000000
410838,13079721046493,btc_qm_engine,btc_sha256_elapsed_ns,693.0000000000
410839,13079721047021,btc_qm_engine,btc_sha256_nonce,2749072116.0000000000
410840,13079721047361,btc_qm_engine,btc_leading_zeros,0.0000000000
410841,13079721047444,btc_qm_engine,btc_sha256_elapsed_ns,982.0000000000
410842,13079721047814,btc_qm_engine,btc_sha256_elapsed_ns,767.0000000000
410843,13079721047986,btc_qm_engine,btc_sha256_nonce,1436464352.0000000000
410844,13079721048194,btc_qm_engine,btc_sha256_elapsed_ns,1079.0000000000
410845,13079721048483,btc_qm_engine,btc_sha256_nonce,198823767.0000000000
410846,13079721048623,btc_qm_engine,btc_leading_zeros,0.0000000000
410847,13079721048820,btc_qm_engine,btc_sha256_nonce,3263418623.0000000000
410848,13079721049200,btc_qm_engine,btc_sha256_nonce,1075327288.0000000000
410849,13079721049258,btc_qm_engine,btc_leading_zeros,4.0000000000
410850,13079721049344,btc_qm_engine,btc_sha256_elapsed_ns,940.0000000000
410851,13079721049531,btc_qm_engine,btc_sha256_elapsed_ns,1063.0000000000
410852,13079721049737,btc_qm_engine,btc_leading_zeros,0.0000000000
410853,13079721049839,btc_qm_engine,btc_sha256_elapsed_ns,1016.0000000000
410854,13079721049988,btc_qm_engine,btc_sha256_nonce,198164692.0000000000
410855,13079721050097,btc_qm_engine,btc_leading_zeros,0.0000000000
410856,13079721050353,btc_qm_engine,btc_leading_zeros,2.0000000000
410857,13079721050683,btc_qm_engine,btc_sha256_nonce,4089960260.0000000000
410858,13079721050759,btc_qm_engine,btc_leading_zeros,0.0000000000
410859,13079721050928,btc_qm_engine,btc_sha256_elapsed_ns,905.0000000000
410860,13079721051076,btc_qm_engine,btc_sha256_nonce,3426309246.0000000000
410861,13079721051318,btc_qm_engine,btc_sha256_nonce,3842488112.0000000000
410862,13079721051628,btc_qm_engine,btc_sha256_nonce,2029637678.0000000000
410863,13079721051739,btc_qm_engine,btc_sha256_elapsed_ns,1029.0000000000
410864,13079721051905,btc_qm_engine,btc_sha256_elapsed_ns,1007.0000000000
410865,13079721052169,btc_qm_engine,btc_leading_zeros,0.0000000000
410866,13079721052779,btc_qm_engine,btc_sha256_nonce,1300207257.0000000000
410867,13079721052936,btc_qm_engine,btc_sha256_nonce,897098203.0000000000
410868,13079721053269,btc_qm_engine,btc_leading_zeros,0.0000000000
410869,13079721053500,btc_qm_engine,btc_sha256_nonce,1885987193.0000000000
410870,13079721053767,btc_qm_engine,btc_leading_zeros,0.0000000000
410871,13079721053923,btc_qm_engine,btc_sha256_elapsed_ns,1005.0000000000
410872,13079721054099,btc_qm_engine,btc_leading_zeros,0.0000000000
410873,13079721054219,btc_qm_engine,btc_sha256_elapsed_ns,839.0000000000
410874,13079721054417,btc_qm_engine,btc_leading_zeros,2.0000000000
410875,13079721054729,btc_qm_engine,btc_sha256_elapsed_ns,952.0000000000
410876,13079721054836,btc_qm_engine,btc_sha256_elapsed_ns,697.0000000000
410877,13079721055325,btc_qm_engine,btc_sha256_elapsed_ns,780.0000000000
410878,13079721055503,btc_qm_engine,btc_sha256_nonce,1821565022.0000000000
410879,13079721055901,btc_qm_engine,btc_sha256_nonce,3289536310.0000000000
410880,13079721056142,btc_qm_engine,btc_leading_zeros,0.0000000000
410881,13079721056217,btc_qm_engine,btc_sha256_elapsed_ns,968.0000000000
410882,13079721056404,btc_qm_engine,btc_sha256_nonce,1070904020.0000000000
410883,13079721056530,btc_qm_engine,btc_leading_zeros,4.0000000000
410884,13079721056690,btc_qm_engine,btc_leading_zeros,0.0000000000
410885,13079721056840,btc_qm_engine,btc_sha256_nonce,786580130.0000000000
410886,13079721057044,btc_qm_engine,btc_sha256_elapsed_ns,691.0000000000
410887,13079721057234,btc_qm_engine,btc_leading_zeros,2.0000000000
410888,13079721057405,btc_qm_engine,btc_sha256_nonce,3263234979.0000000000
410889,13079721057476,btc_qm_engine,btc_leading_zeros,4.0000000000
410890,13079721057542,btc_qm_engine,btc_sha256_elapsed_ns,940.0000000000
410891,13079721057728,btc_qm_engine,btc_sha256_elapsed_ns,740.0000000000
410892,13079721058225,btc_qm_engine,btc_sha256_elapsed_ns,953.0000000000
410893,13079721058474,btc_qm_engine,btc_sha256_nonce,4008565932.0000000000
410894,13079721058894,btc_qm_engine,btc_sha256_nonce,3173061404.0000000000
410895,13079721059030,btc_qm_engine,btc_leading_zeros,1.0000000000
410896,13079721059226,btc_qm_engine,btc_leading_zeros,0.0000000000
410897,13079721059377,btc_qm_engine,btc_sha256_elapsed_ns,694.0000000000
410898,13079721059620,btc_qm_engine,btc_sha256_nonce,2937373476.0000000000
410899,13079721059789,btc_qm_engine,btc_sha256_elapsed_ns,964.0000000000
410900,13079721060309,btc_qm_engine,btc_sha256_nonce,4072994829.0000000000
410901,13079721060389,btc_qm_engine,btc_leading_zeros,0.0000000000
410902,13079721060487,btc_qm_engine,btc_sha256_elapsed_ns,692.0000000000
410903,13079721060915,btc_qm_engine,btc_sha256_nonce,3853667044.0000000000
410904,13079721061044,btc_qm_engine,btc_sha256_nonce,2035568058.0000000000
410905,13079721061115,btc_qm_engine,btc_leading_zeros,2.0000000000
410906,13079721061177,btc_qm_engine,btc_sha256_elapsed_ns,1008.0000000000
410907,13079721061293,btc_qm_engine,btc_leading_zeros,2.0000000000
410908,13079721061366,btc_qm_engine,btc_sha256_elapsed_ns,943.0000000000
410909,13079721061462,btc_qm_engine,btc_sha256_nonce,197995833.0000000000
410910,13079721061601,btc_qm_engine,btc_sha256_nonce,3846116440.0000000000
410911,13079721061669,btc_qm_engine,btc_leading_zeros,3.0000000000
410912,13079721061721,btc_qm_engine,btc_sha256_elapsed_ns,694.0000000000
410913,13079721061832,btc_qm_engine,btc_leading_zeros,0.0000000000
410914,13079721061902,btc_qm_engine,btc_sha256_elapsed_ns,1014.0000000000
410915,13079721062391,btc_qm_engine,btc_leading_zeros,0.0000000000
410916,13079721062665,btc_qm_engine,btc_sha256_nonce,2095464735.0000000000
410917,13079721063133,btc_qm_engine,btc_sha256_nonce,3646645749.0000000000
410918,13079721063257,btc_qm_engine,btc_sha256_nonce,2467508547.0000000000
410919,13079721063636,btc_qm_engine,btc_leading_zeros,3.0000000000
410920,13079721063766,btc_qm_engine,btc_leading_zeros,0.0000000000
410921,13079721063828,btc_qm_engine,btc_sha256_elapsed_ns,694.0000000000
410922,13079721063978,btc_qm_engine,btc_sha256_elapsed_ns,976.0000000000
410923,13079721064211,btc_qm_engine,btc_leading_zeros,3.0000000000
410924,13079721064516,btc_qm_engine,btc_sha256_elapsed_ns,1014.0000000000
410925,13079721065026,btc_qm_engine,btc_leading_zeros,1.0000000000
410926,13079721065352,btc_qm_engine,btc_sha256_nonce,4104565631.0000000000
410927,13079721065748,btc_qm_engine,btc_sha256_nonce,488583497.0000000000
410928,13079721065822,btc_qm_engine,btc_leading_zeros,0.0000000000
410929,13079721065980,btc_qm_engine,btc_leading_zeros,0.0000000000
410930,13079721066044,btc_qm_engine,btc_sha256_elapsed_ns,692.0000000000
410931,13079721066181,btc_qm_engine,btc_sha256_elapsed_ns,989.0000000000
410932,13079721066301,btc_qm_engine,btc_sha256_nonce,2138748386.0000000000
410933,13079721066624,btc_qm_engine,btc_leading_zeros,0.0000000000
410934,13079721066697,btc_qm_engine,btc_sha256_elapsed_ns,1079.0000000000
410935,13079721066958,btc_qm_engine,btc_sha256_nonce,2961697306.0000000000
410936,13079721067022,btc_qm_engine,btc_leading_zeros,4.0000000000
410937,13079721067071,btc_qm_engine,btc_sha256_elapsed_ns,699.0000000000
410938,13079721067435,btc_qm_engine,btc_sha256_nonce,3982131830.0000000000
410939,13079721067749,btc_qm_engine,btc_sha256_elapsed_ns,694.0000000000
410940,13079721067910,btc_qm_engine,btc_sha256_nonce,1600476345.0000000000
410941,13079721068016,btc_qm_engine,btc_sha256_nonce,3240474248.0000000000
410942,13079721068560,btc_qm_engine,btc_sha256_nonce,1637772113.0000000000
410943,13079721068673,btc_qm_engine,btc_leading_zeros,0.0000000000
410944,13079721068737,btc_qm_engine,btc_sha256_elapsed_ns,696.0000000000
410945,13079721068876,btc_qm_engine,btc_leading_zeros,2.0000000000
410946,13079721069357,btc_qm_engine,btc_sha256_elapsed_ns,993.0000000000
410947,13079721069567,btc_qm_engine,btc_sha256_nonce,761972886.0000000000
410948,13079721069772,btc_qm_engine,btc_sha256_nonce,55813146.0000000000
410949,13079721070016,btc_qm_engine,btc_leading_zeros,0.0000000000
410950,13079721070148,btc_qm_engine,btc_leading_zeros,2.0000000000
410951,13079721070352,btc_qm_engine,btc_sha256_elapsed_ns,848.0000000000
410952,13079721070528,btc_qm_engine,btc_sha256_elapsed_ns,693.0000000000
410953,13079721070805,btc_qm_engine,btc_sha256_nonce,241891184.0000000000
410954,13079721070992,btc_qm_engine,btc_leading_zeros,2.0000000000
410955,13079721071064,btc_qm_engine,btc_sha256_elapsed_ns,1061.0000000000
410956,13079721071420,btc_qm_engine,btc_leading_zeros,0.0000000000
410957,13079721071546,btc_qm_engine,btc_sha256_nonce,410994649.0000000000
410958,13079721071843,btc_qm_engine,btc_leading_zeros,0.0000000000
410959,13079721071927,btc_qm_engine,btc_sha256_elapsed_ns,693.0000000000
410960,13079721072014,btc_qm_engine,btc_sha256_elapsed_ns,696.0000000000
410961,13079721072218,btc_qm_engine,btc_sha256_nonce,3726898496.0000000000
410962,13079721072289,btc_qm_engine,btc_leading_zeros,0.0000000000
410963,13079721072359,btc_qm_engine,btc_sha256_elapsed_ns,923.0000000000
410964,13079721072838,btc_qm_engine,btc_sha256_nonce,4117952584.0000000000
410965,13079721072902,btc_qm_engine,btc_leading_zeros,2.0000000000
410966,13079721072969,btc_qm_engine,btc_sha256_elapsed_ns,701.0000000000
410967,13079721073430,btc_qm_engine,btc_leading_zeros,2.0000000000
410968,13079721073615,btc_qm_engine,btc_sha256_nonce,197956156.0000000000
410969,13079721073933,btc_qm_engine,btc_sha256_nonce,2466911310.0000000000
410970,13079721074123,btc_qm_engine,btc_leading_zeros,1.0000000000
410971,13079721074248,btc_qm_engine,btc_sha256_elapsed_ns,1051.0000000000
410972,13079721074458,btc_qm_engine,btc_sha256_nonce,518272495.0000000000
410973,13079721074666,btc_qm_engine,btc_sha256_nonce,2070986341.0000000000
410974,13079721074948,btc_qm_engine,btc_leading_zeros,1.0000000000
410975,13079721075138,btc_qm_engine,btc_sha256_elapsed_ns,1030.0000000000
410976,13079721075408,btc_qm_engine,btc_sha256_nonce,1326800932.0000000000
410977,13079721075488,btc_qm_engine,btc_leading_zeros,0.0000000000
410978,13079721075541,btc_qm_engine,btc_sha256_elapsed_ns,928.0000000000
410979,13079721075657,btc_qm_engine,btc_leading_zeros,0.0000000000
410980,13079721075992,btc_qm_engine,btc_sha256_elapsed_ns,919.0000000000
410981,13079721076897,btc_qm_engine,btc_sha256_nonce,3577709923.0000000000
410982,13079721077182,btc_qm_engine,btc_sha256_nonce,11812316.0000000000
410983,13079721077270,btc_qm_engine,btc_leading_zeros,4.0000000000
410984,13079721077327,btc_qm_engine,btc_sha256_elapsed_ns,953.0000000000
410985,13079721077462,btc_qm_engine,btc_sha256_nonce,1436169601.0000000000
410986,13079721077773,btc_qm_engine,btc_leading_zeros,0.0000000000
410987,13079721077963,btc_qm_engine,btc_leading_zeros,0.0000000000
410988,13079721078029,btc_qm_engine,btc_sha256_elapsed_ns,1053.0000000000
410989,13079721078144,btc_qm_engine,btc_sha256_elapsed_ns,700.0000000000
410990,13079721078450,btc_qm_engine,btc_leading_zeros,1.0000000000
410991,13079721078748,btc_qm_engine,btc_sha256_elapsed_ns,1051.0000000000
410992,13079721079030,btc_qm_engine,btc_sha256_elapsed_ns,930.0000000000
410993,13079721079207,btc_qm_engine,btc_sha256_nonce,2466820203.0000000000
410994,13079721079274,btc_qm_engine,btc_leading_zeros,0.0000000000
410995,13079721079352,btc_qm_engine,btc_sha256_elapsed_ns,760.0000000000
410996,13079721079767,btc_qm_engine,btc_sha256_nonce,3445622022.0000000000
410997,13079721080048,btc_qm_engine,btc_sha256_elapsed_ns,846.0000000000
410998,13079721080469,btc_qm_engine,btc_leading_zeros,0.0000000000
410999,13079721080727,btc_qm_engine,btc_sha256_elapsed_ns,971.0000000000
